1.177157223884357684e+01 4.303159401039303056e+00 2.222508808981818795e+00
1.358509820669428336e+01 1.479565151224129904e+00 6.725296141927863403e-01
1.008794421289179510e+01 5.514742836380848168e+00 3.268493924976941400e+01
8.473873138829107532e+00 8.473873138829107532e+00 9.415414598699008986e-01
1.331608636101716847e+01 6.052766527735077062e+00 3.080185633002961509e+01
7.935849447474879526e+00 2.824624379609702807e+00 3.160889186706095799e+01
8.473873138829107532e+00 2.555612533932587915e+00 3.362648070963931701e+00
7.935849447474879526e+00 2.824624379609702807e+00 3.160889186706095799e+01
1.062596790424602311e+01 5.514742836380848168e+00 2.824624379609702807e+00
1.008794421289179510e+01 4.707707299349504382e+00 2.891877341028981263e+01
9.280908675860450430e+00 9.011896830183335538e+00 3.107086817570672821e+01
7.935849447474879526e+00 2.824624379609702807e+00 3.160889186706095799e+01
9.818932367214680212e+00 4.976719145026619273e+00 6.725296141927863403e-01
8.473873138829107532e+00 8.204861293151992641e+00 1.210553305547015457e+00
1.304707451534005358e+01 9.549920521537565321e+00 3.214691555841518777e+01
7.935849447474879526e+00 7.935849447474879526e+00 1.479565151224129904e+00
1.008794421289179510e+01 4.707707299349504382e+00 6.725296141927863403e-01
1.035695605856890822e+01 8.204861293151992641e+00 2.972580894732115553e+01
7.935849447474879526e+00 2.824624379609702807e+00 3.160889186706095799e+01
8.742884984506222423e+00 2.017588842578359021e+00 3.362648070963931701e+00
7.397825756120649743e+00 3.362648070963931701e+00 3.160889186706095799e+01
1.143300344127736778e+01 6.052766527735077062e+00 6.725296141927863403e-01
8.473873138829107532e+00 2.286600688255473468e+00 3.362648070963931701e+00
1.277806266966294046e+01 4.976719145026619273e+00 9.415414598699008986e-01
8.473873138829107532e+00 2.555612533932587915e+00 3.631659916641046593e+00
1.277806266966294046e+01 1.210553305547015457e+00 1.345059228385572236e-01
1.170201528695448090e+01 6.321778373412191954e+00 9.415414598699008986e-01
7.935849447474879526e+00 3.093636225286817254e+00 3.160889186706095799e+01
8.473873138829107532e+00 2.286600688255473468e+00 3.362648070963931701e+00
1.170201528695448090e+01 6.321778373412191954e+00 2.286600688255473468e+00
7.666837601797764634e+00 2.824624379609702807e+00 3.187790371273807111e+01
1.277806266966294046e+01 9.415414598699008986e-01 4.035177685156717819e-01
1.331608636101716847e+01 5.245730990703734165e+00 3.053284448435249843e+01
1.331608636101716847e+01 4.707707299349504382e+00 3.080185633002961509e+01
1.304707451534005358e+01 1.210553305547015457e+00 1.345059228385572236e-01
7.935849447474879526e+00 3.093636225286817254e+00 3.133988002138384132e+01
7.935849447474879526e+00 3.093636225286817254e+00 3.160889186706095799e+01
1.277806266966294046e+01 6.725296141927863403e-01 1.345059228385572236e-01
1.331608636101716847e+01 5.514742836380848168e+00 3.080185633002961509e+01
1.331608636101716847e+01 5.514742836380848168e+00 3.080185633002961509e+01
1.304707451534005358e+01 1.210553305547015457e+00 4.035177685156717819e-01
1.331608636101716847e+01 5.783754682057963059e+00 3.026383263867538531e+01
7.397825756120649743e+00 4.169683607995275487e+00 3.133988002138384132e+01
1.143300344127736778e+01 6.052766527735077062e+00 1.748576996901244573e+00
1.197102713263159579e+01 4.035177685156717819e-01 1.345059228385572236e-01
1.331608636101716847e+01 5.514742836380848168e+00 3.080185633002961509e+01
1.089497974992313800e+01 1.345059228385572236e-01 3.160889186706095799e+01
7.666837601797764634e+00 2.824624379609702807e+00 3.187790371273807111e+01
1.089497974992313800e+01 4.707707299349504382e+00 2.784272602758135307e+01
9.011896830183335538e+00 7.935849447474879526e+00 2.864976156461269596e+01
7.397825756120649743e+00 6.052766527735077062e+00 3.160889186706095799e+01
1.385411005237139825e+01 1.479565151224129904e+00 3.322296294112364734e+01
8.742884984506222423e+00 7.397825756120649743e+00 2.891877341028981263e+01
1.116399159560025289e+01 3.631659916641046593e+00 2.784272602758135307e+01
1.170201528695448090e+01 3.093636225286817254e+00 2.784272602758135307e+01
1.197102713263159579e+01 6.052766527735077062e+00 1.748576996901244573e+00
7.128813910443535740e+00 3.362648070963931701e+00 3.214691555841518777e+01
1.170201528695448090e+01 6.052766527735077062e+00 3.295395109544652712e+01
1.304707451534005358e+01 3.093636225286817254e+00 2.784272602758135307e+01
9.549920521537565321e+00 8.742884984506222423e+00 2.999482079299826864e+01
1.035695605856890822e+01 4.035177685156717819e-01 1.345059228385572236e-01
1.250905082398582557e+01 4.976719145026619273e+00 1.748576996901244573e+00
6.859802064766420848e+00 3.362648070963931701e+00 3.241592740409230089e+01
9.280908675860450430e+00 6.052766527735077062e+00 1.479565151224129904e+00
1.277806266966294046e+01 3.362648070963931701e+00 3.026383263867538531e+01
1.304707451534005358e+01 6.859802064766420848e+00 3.053284448435249843e+01
1.412312189804851315e+01 4.438695453672390379e+00 3.053284448435249843e+01
1.412312189804851315e+01 4.707707299349504382e+00 3.026383263867538531e+01
1.277806266966294046e+01 7.397825756120649743e+00 3.026383263867538531e+01
9.011896830183335538e+00 6.859802064766420848e+00 3.026383263867538531e+01
8.204861293151992641e+00 7.935849447474879526e+00 3.080185633002961509e+01
7.397825756120649743e+00 6.590790219089306845e+00 9.415414598699008986e-01
1.062596790424602311e+01 4.035177685156717819e-01 6.725296141927863403e-01
8.742884984506222423e+00 7.666837601797764634e+00 3.053284448435249843e+01
8.742884984506222423e+00 8.473873138829107532e+00 2.838074971893558285e+01
1.143300344127736778e+01 2.017588842578359021e+00 2.945679710164404241e+01
1.277806266966294046e+01 7.397825756120649743e+00 3.133988002138384132e+01
1.331608636101716847e+01 7.666837601797764634e+00 3.133988002138384132e+01
1.035695605856890822e+01 3.322296294112364734e+01 3.080185633002961509e+01
1.304707451534005358e+01 7.128813910443535740e+00 3.053284448435249843e+01
1.277806266966294046e+01 7.397825756120649743e+00 3.026383263867538531e+01
8.742884984506222423e+00 7.397825756120649743e+00 3.026383263867538531e+01
1.331608636101716847e+01 6.859802064766420848e+00 3.107086817570672821e+01
1.304707451534005358e+01 7.666837601797764634e+00 3.107086817570672821e+01
1.277806266966294046e+01 7.397825756120649743e+00 3.631659916641046593e+00
1.277806266966294046e+01 7.397825756120649743e+00 3.026383263867538531e+01
7.935849447474879526e+00 5.783754682057963059e+00 9.415414598699008986e-01
1.573719297211119894e+01 5.245730990703734165e+00 4.035177685156717819e-01
1.600620481778831561e+01 4.976719145026619273e+00 3.093636225286817254e+00
7.128813910443535740e+00 8.473873138829107532e+00 9.415414598699008986e-01
8.204861293151992641e+00 9.549920521537565321e+00 4.035177685156717819e-01
1.304707451534005358e+01 7.935849447474879526e+00 1.748576996901244573e+00
8.742884984506222423e+00 9.818932367214680212e+00 1.210553305547015457e+00
8.204861293151992641e+00 9.549920521537565321e+00 4.035177685156717819e-01
8.742884984506222423e+00 1.008794421289179510e+01 4.035177685156717819e-01
3.631659916641046593e+00 4.976719145026619273e+00 3.349197478680076046e+01
1.331608636101716847e+01 7.128813910443535740e+00 3.053284448435249843e+01
8.742884984506222423e+00 7.666837601797764634e+00 3.053284448435249843e+01
9.549920521537565321e+00 9.549920521537565321e+00 3.214691555841518777e+01
1.170201528695448090e+01 1.089497974992313800e+01 2.017588842578359021e+00
7.128813910443535740e+00 4.438695453672390379e+00 2.784272602758135307e+01
1.277806266966294046e+01 4.707707299349504382e+00 2.017588842578359021e+00
7.397825756120649743e+00 8.473873138829107532e+00 1.479565151224129904e+00
6.590790219089306845e+00 6.052766527735077062e+00 2.864976156461269596e+01
1.116399159560025289e+01 1.143300344127736778e+01 2.286600688255473468e+00
8.742884984506222423e+00 7.128813910443535740e+00 3.631659916641046593e+00
1.250905082398582557e+01 9.011896830183335538e+00 3.631659916641046593e+00
1.197102713263159579e+01 1.116399159560025289e+01 2.555612533932587915e+00
8.742884984506222423e+00 7.666837601797764634e+00 3.053284448435249843e+01
8.742884984506222423e+00 1.008794421289179510e+01 3.295395109544652712e+01
8.742884984506222423e+00 7.397825756120649743e+00 3.631659916641046593e+00
8.742884984506222423e+00 9.818932367214680212e+00 4.035177685156717819e-01
6.590790219089306845e+00 5.514742836380848168e+00 2.891877341028981263e+01
6.321778373412191954e+00 1.748576996901244573e+00 3.268493924976941400e+01
1.197102713263159579e+01 1.116399159560025289e+01 2.555612533932587915e+00
8.742884984506222423e+00 7.128813910443535740e+00 3.053284448435249843e+01
1.062596790424602311e+01 4.169683607995275487e+00 2.811173787325846973e+01
1.331608636101716847e+01 8.742884984506222423e+00 3.093636225286817254e+00
6.321778373412191954e+00 1.748576996901244573e+00 3.295395109544652712e+01
4.976719145026619273e+00 5.514742836380848168e+00 2.972580894732115553e+01
6.321778373412191954e+00 1.748576996901244573e+00 3.268493924976941400e+01
7.128813910443535740e+00 4.438695453672390379e+00 2.784272602758135307e+01
9.280908675860450430e+00 1.008794421289179510e+01 1.210553305547015457e+00
1.277806266966294046e+01 8.742884984506222423e+00 3.362648070963931701e+00
6.052766527735077062e+00 2.017588842578359021e+00 3.295395109544652712e+01
3.900671762318161040e+00 2.824624379609702807e+00 3.080185633002961509e+01
1.170201528695448090e+01 9.818932367214680212e+00 3.093636225286817254e+00
6.321778373412191954e+00 6.590790219089306845e+00 2.864976156461269596e+01
8.742884984506222423e+00 7.397825756120649743e+00 3.026383263867538531e+01
9.280908675860450430e+00 1.035695605856890822e+01 3.322296294112364734e+01
5.783754682057963059e+00 4.976719145026619273e+00 2.784272602758135307e+01
4.707707299349504382e+00 2.555612533932587915e+00 2.891877341028981263e+01
7.128813910443535740e+00 6.321778373412191954e+00 6.725296141927863403e-01
1.681324035481965851e+01 6.859802064766420848e+00 3.322296294112364734e+01
1.277806266966294046e+01 8.742884984506222423e+00 3.362648070963931701e+00
6.052766527735077062e+00 1.748576996901244573e+00 3.349197478680076046e+01
8.204861293151992641e+00 7.128813910443535740e+00 3.631659916641046593e+00
9.549920521537565321e+00 1.008794421289179510e+01 3.093636225286817254e+00
9.011896830183335538e+00 9.549920521537565321e+00 3.631659916641046593e+00
3.362648070963931701e+00 4.169683607995275487e+00 3.133988002138384132e+01
1.573719297211119894e+01 4.169683607995275487e+00 3.093636225286817254e+00
1.224003897830871068e+01 9.011896830183335538e+00 3.093636225286817254e+00
1.170201528695448090e+01 1.008794421289179510e+01 3.093636225286817254e+00
9.818932367214680212e+00 7.397825756120649743e+00 4.438695453672390379e+00
1.573719297211119894e+01 4.169683607995275487e+00 3.093636225286817254e+00
1.277806266966294046e+01 7.397825756120649743e+00 4.707707299349504382e+00
1.170201528695448090e+01 1.277806266966294046e+01 6.725296141927863403e-01
1.681324035481965851e+01 6.859802064766420848e+00 3.295395109544652712e+01
1.654422850914254184e+01 7.128813910443535740e+00 3.349197478680076046e+01
7.666837601797764634e+00 9.549920521537565321e+00 1.210553305547015457e+00
1.170201528695448090e+01 1.008794421289179510e+01 3.093636225286817254e+00
1.708225220049677162e+01 6.859802064766420848e+00 3.268493924976941400e+01
9.818932367214680212e+00 7.397825756120649743e+00 4.438695453672390379e+00
8.742884984506222423e+00 1.008794421289179510e+01 3.362648070963931701e+00
1.143300344127736778e+01 1.008794421289179510e+01 3.631659916641046593e+00
1.654422850914254184e+01 7.128813910443535740e+00 3.349197478680076046e+01
1.331608636101716847e+01 7.935849447474879526e+00 4.707707299349504382e+00
1.681324035481965851e+01 9.280908675860450430e+00 3.133988002138384132e+01
1.143300344127736778e+01 8.742884984506222423e+00 6.052766527735077062e+00
1.197102713263159579e+01 1.116399159560025289e+01 2.555612533932587915e+00
1.708225220049677162e+01 8.473873138829107532e+00 3.160889186706095799e+01
1.573719297211119894e+01 3.631659916641046593e+00 3.093636225286817254e+00
9.818932367214680212e+00 7.397825756120649743e+00 4.438695453672390379e+00
1.197102713263159579e+01 1.116399159560025289e+01 2.555612533932587915e+00
1.681324035481965851e+01 6.859802064766420848e+00 3.295395109544652712e+01
1.681324035481965851e+01 8.742884984506222423e+00 3.160889186706095799e+01
1.681324035481965851e+01 7.397825756120649743e+00 3.295395109544652712e+01
1.331608636101716847e+01 7.935849447474879526e+00 4.707707299349504382e+00
1.681324035481965851e+01 8.742884984506222423e+00 3.160889186706095799e+01
1.681324035481965851e+01 6.859802064766420848e+00 3.295395109544652712e+01
1.519916928075697093e+01 5.514742836380848168e+00 2.864976156461269596e+01
1.358509820669428336e+01 7.666837601797764634e+00 2.945679710164404241e+01
1.197102713263159579e+01 7.128813910443535740e+00 4.169683607995275487e+00
1.735126404617388829e+01 8.204861293151992641e+00 3.160889186706095799e+01
1.035695605856890822e+01 1.008794421289179510e+01 4.035177685156717819e-01
1.708225220049677162e+01 8.473873138829107532e+00 3.133988002138384132e+01
1.681324035481965851e+01 7.397825756120649743e+00 3.295395109544652712e+01
1.627521666346542872e+01 8.742884984506222423e+00 3.107086817570672821e+01
1.708225220049677162e+01 6.859802064766420848e+00 3.241592740409230089e+01
1.358509820669428336e+01 7.935849447474879526e+00 2.945679710164404241e+01
1.654422850914254184e+01 6.859802064766420848e+00 3.322296294112364734e+01
1.681324035481965851e+01 6.859802064766420848e+00 3.295395109544652712e+01
1.708225220049677162e+01 8.473873138829107532e+00 3.160889186706095799e+01
1.681324035481965851e+01 6.859802064766420848e+00 3.295395109544652712e+01
1.681324035481965851e+01 8.742884984506222423e+00 2.918778525596692575e+01
1.546818112643408583e+01 1.143300344127736778e+01 3.160889186706095799e+01
1.358509820669428336e+01 7.666837601797764634e+00 2.945679710164404241e+01
1.627521666346542872e+01 1.035695605856890822e+01 2.999482079299826864e+01
1.008794421289179510e+01 7.666837601797764634e+00 4.169683607995275487e+00
7.935849447474879526e+00 1.008794421289179510e+01 6.725296141927863403e-01
1.735126404617388829e+01 8.204861293151992641e+00 3.160889186706095799e+01
1.708225220049677162e+01 6.859802064766420848e+00 3.268493924976941400e+01
1.035695605856890822e+01 7.666837601797764634e+00 4.707707299349504382e+00
1.681324035481965851e+01 6.859802064766420848e+00 3.295395109544652712e+01
1.735126404617388829e+01 8.204861293151992641e+00 3.133988002138384132e+01
1.681324035481965851e+01 7.128813910443535740e+00 3.295395109544652712e+01
1.170201528695448090e+01 1.008794421289179510e+01 3.362648070963931701e+00
1.089497974992313800e+01 1.170201528695448090e+01 3.362648070963931701e+00
1.170201528695448090e+01 1.008794421289179510e+01 3.093636225286817254e+00
1.654422850914254184e+01 8.473873138829107532e+00 2.864976156461269596e+01
1.062596790424602311e+01 7.397825756120649743e+00 4.169683607995275487e+00
1.170201528695448090e+01 1.143300344127736778e+01 2.555612533932587915e+00
1.197102713263159579e+01 1.116399159560025289e+01 2.555612533932587915e+00
1.708225220049677162e+01 7.128813910443535740e+00 3.295395109544652712e+01
1.681324035481965851e+01 1.089497974992313800e+01 3.107086817570672821e+01
9.818932367214680212e+00 1.008794421289179510e+01 3.362648070963931701e+00
1.708225220049677162e+01 1.143300344127736778e+01 3.187790371273807111e+01
1.654422850914254184e+01 8.473873138829107532e+00 2.864976156461269596e+01
1.008794421289179510e+01 7.397825756120649743e+00 4.707707299349504382e+00
1.170201528695448090e+01 1.008794421289179510e+01 3.093636225286817254e+00
1.681324035481965851e+01 1.143300344127736778e+01 3.160889186706095799e+01
1.654422850914254184e+01 8.742884984506222423e+00 2.891877341028981263e+01
1.654422850914254184e+01 4.707707299349504382e+00 3.362648070963931701e+00
9.011896830183335538e+00 1.143300344127736778e+01 3.362648070963931701e+00
1.008794421289179510e+01 7.397825756120649743e+00 4.707707299349504382e+00
1.170201528695448090e+01 1.008794421289179510e+01 3.093636225286817254e+00
1.708225220049677162e+01 8.742884984506222423e+00 3.187790371273807111e+01
1.708225220049677162e+01 6.859802064766420848e+00 3.241592740409230089e+01
1.008794421289179510e+01 7.666837601797764634e+00 4.169683607995275487e+00
1.143300344127736778e+01 1.035695605856890822e+01 3.362648070963931701e+00
9.818932367214680212e+00 7.397825756120649743e+00 4.438695453672390379e+00
1.170201528695448090e+01 1.008794421289179510e+01 3.631659916641046593e+00
1.170201528695448090e+01 1.008794421289179510e+01 3.093636225286817254e+00
1.439213374372562626e+01 1.277806266966294046e+01 2.945679710164404241e+01
1.143300344127736778e+01 1.035695605856890822e+01 3.362648070963931701e+00
1.493015743507985604e+01 9.280908675860450430e+00 2.945679710164404241e+01
1.654422850914254184e+01 8.204861293151992641e+00 2.838074971893558285e+01
9.818932367214680212e+00 7.397825756120649743e+00 4.438695453672390379e+00
7.666837601797764634e+00 9.818932367214680212e+00 1.479565151224129904e+00
1.170201528695448090e+01 1.008794421289179510e+01 3.093636225286817254e+00
1.143300344127736778e+01 1.008794421289179510e+01 3.631659916641046593e+00
1.735126404617388829e+01 8.204861293151992641e+00 3.080185633002961509e+01
3.362648070963931701e+00 1.143300344127736778e+01 4.035177685156717819e-01
1.143300344127736778e+01 1.008794421289179510e+01 3.900671762318161040e+00
1.143300344127736778e+01 1.035695605856890822e+01 3.362648070963931701e+00
1.708225220049677162e+01 8.473873138829107532e+00 3.187790371273807111e+01
1.708225220049677162e+01 1.116399159560025289e+01 3.133988002138384132e+01
1.681324035481965851e+01 6.859802064766420848e+00 3.295395109544652712e+01
1.654422850914254184e+01 8.204861293151992641e+00 2.864976156461269596e+01
1.654422850914254184e+01 4.707707299349504382e+00 3.362648070963931701e+00
1.708225220049677162e+01 8.473873138829107532e+00 3.080185633002961509e+01
1.654422850914254184e+01 4.438695453672390379e+00 3.093636225286817254e+00
8.742884984506222423e+00 1.143300344127736778e+01 3.362648070963931701e+00
4.976719145026619273e+00 2.555612533932587915e+00 9.415414598699008986e-01
1.681324035481965851e+01 9.280908675860450430e+00 2.918778525596692575e+01
1.143300344127736778e+01 1.008794421289179510e+01 3.631659916641046593e+00
1.708225220049677162e+01 6.859802064766420848e+00 3.295395109544652712e+01
1.788928773752811452e+01 9.818932367214680212e+00 3.241592740409230089e+01
1.681324035481965851e+01 8.742884984506222423e+00 3.053284448435249843e+01
1.815829958320523119e+01 1.008794421289179510e+01 3.295395109544652712e+01
1.735126404617388829e+01 9.011896830183335538e+00 3.080185633002961509e+01
1.708225220049677162e+01 8.742884984506222423e+00 3.187790371273807111e+01
1.573719297211119894e+01 1.062596790424602311e+01 3.080185633002961509e+01
1.681324035481965851e+01 8.742884984506222423e+00 2.891877341028981263e+01
1.143300344127736778e+01 1.008794421289179510e+01 3.631659916641046593e+00
1.681324035481965851e+01 7.128813910443535740e+00 3.295395109544652712e+01
1.116399159560025289e+01 1.143300344127736778e+01 3.362648070963931701e+00
1.143300344127736778e+01 1.008794421289179510e+01 3.631659916641046593e+00
1.735126404617388829e+01 8.473873138829107532e+00 3.187790371273807111e+01
1.493015743507985604e+01 9.549920521537565321e+00 2.999482079299826864e+01
1.143300344127736778e+01 1.008794421289179510e+01 3.093636225286817254e+00
1.143300344127736778e+01 1.008794421289179510e+01 3.631659916641046593e+00
1.143300344127736778e+01 1.008794421289179510e+01 3.362648070963931701e+00
1.654422850914254184e+01 4.707707299349504382e+00 3.362648070963931701e+00
1.735126404617388829e+01 9.280908675860450430e+00 3.080185633002961509e+01
9.818932367214680212e+00 1.008794421289179510e+01 3.362648070963931701e+00
3.362648070963931701e+00 3.362648070963931701e+00 3.362648070963931701e+00
8.742884984506222423e+00 1.008794421289179510e+01 3.631659916641046593e+00
1.143300344127736778e+01 1.035695605856890822e+01 3.631659916641046593e+00
1.143300344127736778e+01 1.008794421289179510e+01 3.362648070963931701e+00
1.143300344127736778e+01 1.008794421289179510e+01 3.631659916641046593e+00
1.143300344127736778e+01 1.008794421289179510e+01 3.362648070963931701e+00
1.681324035481965851e+01 8.204861293151992641e+00 2.864976156461269596e+01
1.654422850914254184e+01 4.438695453672390379e+00 3.093636225286817254e+00
9.549920521537565321e+00 9.549920521537565321e+00 3.631659916641046593e+00
1.116399159560025289e+01 1.143300344127736778e+01 3.362648070963931701e+00
1.008794421289179510e+01 7.397825756120649743e+00 4.707707299349504382e+00
1.143300344127736778e+01 1.008794421289179510e+01 3.631659916641046593e+00
1.143300344127736778e+01 1.008794421289179510e+01 3.362648070963931701e+00
1.143300344127736778e+01 1.035695605856890822e+01 3.631659916641046593e+00
1.654422850914254184e+01 4.707707299349504382e+00 3.362648070963931701e+00
1.304707451534005358e+01 1.519916928075697093e+01 3.080185633002961509e+01
1.143300344127736778e+01 1.008794421289179510e+01 3.631659916641046593e+00
1.116399159560025289e+01 1.035695605856890822e+01 3.631659916641046593e+00
1.143300344127736778e+01 1.008794421289179510e+01 3.900671762318161040e+00
1.681324035481965851e+01 4.707707299349504382e+00 3.362648070963931701e+00
1.143300344127736778e+01 1.008794421289179510e+01 3.631659916641046593e+00
1.143300344127736778e+01 1.008794421289179510e+01 3.362648070963931701e+00
1.062596790424602311e+01 9.549920521537565321e+00 3.362648070963931701e+00
1.331608636101716847e+01 1.519916928075697093e+01 2.999482079299826864e+01
1.143300344127736778e+01 1.035695605856890822e+01 3.362648070963931701e+00
1.143300344127736778e+01 1.008794421289179510e+01 3.631659916641046593e+00
1.170201528695448090e+01 9.818932367214680212e+00 3.900671762318161040e+00
1.143300344127736778e+01 1.035695605856890822e+01 3.900671762318161040e+00
1.170201528695448090e+01 1.008794421289179510e+01 3.631659916641046593e+00
1.143300344127736778e+01 1.008794421289179510e+01 3.362648070963931701e+00
5.783754682057963059e+00 1.479565151224129904e+00 2.286600688255473468e+00
1.143300344127736778e+01 1.008794421289179510e+01 3.900671762318161040e+00
5.514742836380848168e+00 2.017588842578359021e+00 2.286600688255473468e+00
1.708225220049677162e+01 8.742884984506222423e+00 3.080185633002961509e+01
1.681324035481965851e+01 4.707707299349504382e+00 3.362648070963931701e+00
1.143300344127736778e+01 1.008794421289179510e+01 3.631659916641046593e+00
1.143300344127736778e+01 1.008794421289179510e+01 3.900671762318161040e+00
1.143300344127736778e+01 1.008794421289179510e+01 3.631659916641046593e+00
1.116399159560025289e+01 9.549920521537565321e+00 3.631659916641046593e+00
1.143300344127736778e+01 1.035695605856890822e+01 3.900671762318161040e+00
1.143300344127736778e+01 1.035695605856890822e+01 3.362648070963931701e+00
1.143300344127736778e+01 1.170201528695448090e+01 2.824624379609702807e+00
1.815829958320523119e+01 1.358509820669428336e+01 3.631659916641046593e+00
1.143300344127736778e+01 1.008794421289179510e+01 3.900671762318161040e+00
1.708225220049677162e+01 9.011896830183335538e+00 3.080185633002961509e+01
5.783754682057963059e+00 1.748576996901244573e+00 1.479565151224129904e+00
3.631659916641046593e+00 9.011896830183335538e+00 1.479565151224129904e+00
1.116399159560025289e+01 1.143300344127736778e+01 2.824624379609702807e+00
1.089497974992313800e+01 1.170201528695448090e+01 3.900671762318161040e+00
4.707707299349504382e+00 3.900671762318161040e+00 5.783754682057963059e+00
1.654422850914254184e+01 8.742884984506222423e+00 2.891877341028981263e+01
1.573719297211119894e+01 3.362648070963931701e+00 5.783754682057963059e+00
1.385411005237139825e+01 4.035177685156717819e-01 2.824624379609702807e+00
1.358509820669428336e+01 9.415414598699008986e-01 3.093636225286817254e+00
1.412312189804851315e+01 9.415414598699008986e-01 3.362648070963931701e+00
5.783754682057963059e+00 1.479565151224129904e+00 2.017588842578359021e+00
1.035695605856890822e+01 7.666837601797764634e+00 4.707707299349504382e+00
5.783754682057963059e+00 2.555612533932587915e+00 2.017588842578359021e+00
1.681324035481965851e+01 8.473873138829107532e+00 2.864976156461269596e+01
3.093636225286817254e+00 1.089497974992313800e+01 2.286600688255473468e+00
1.600620481778831561e+01 1.008794421289179510e+01 2.972580894732115553e+01
4.169683607995275487e+00 1.143300344127736778e+01 6.725296141927863403e-01
9.818932367214680212e+00 7.397825756120649743e+00 4.438695453672390379e+00
1.519916928075697093e+01 1.748576996901244573e+00 3.900671762318161040e+00
1.385411005237139825e+01 1.345059228385572236e-01 2.824624379609702807e+00
1.062596790424602311e+01 1.008794421289179510e+01 4.169683607995275487e+00
9.280908675860450430e+00 1.008794421289179510e+01 3.093636225286817254e+00
6.052766527735077062e+00 2.017588842578359021e+00 2.017588842578359021e+00
1.493015743507985604e+01 6.725296141927863403e-01 4.707707299349504382e+00
1.654422850914254184e+01 3.900671762318161040e+00 2.824624379609702807e+00
1.008794421289179510e+01 1.008794421289179510e+01 3.362648070963931701e+00
1.170201528695448090e+01 1.627521666346542872e+01 2.972580894732115553e+01
1.654422850914254184e+01 2.824624379609702807e+00 2.824624379609702807e+00
1.654422850914254184e+01 8.742884984506222423e+00 2.891877341028981263e+01
1.035695605856890822e+01 9.549920521537565321e+00 4.976719145026619273e+00
9.549920521537565321e+00 9.549920521537565321e+00 3.631659916641046593e+00
9.549920521537565321e+00 9.818932367214680212e+00 2.824624379609702807e+00
1.035695605856890822e+01 7.666837601797764634e+00 4.707707299349504382e+00
9.549920521537565321e+00 9.549920521537565321e+00 3.631659916641046593e+00
1.116399159560025289e+01 9.549920521537565321e+00 4.707707299349504382e+00
1.170201528695448090e+01 1.035695605856890822e+01 4.707707299349504382e+00
1.143300344127736778e+01 1.546818112643408583e+01 2.999482079299826864e+01
1.035695605856890822e+01 7.666837601797764634e+00 4.976719145026619273e+00
1.035695605856890822e+01 7.666837601797764634e+00 4.438695453672390379e+00
1.062596790424602311e+01 1.466114558940274115e+01 2.891877341028981263e+01
5.783754682057963059e+00 1.479565151224129904e+00 2.286600688255473468e+00
1.035695605856890822e+01 9.549920521537565321e+00 4.976719145026619273e+00
1.008794421289179510e+01 7.666837601797764634e+00 4.976719145026619273e+00
9.818932367214680212e+00 9.818932367214680212e+00 3.093636225286817254e+00
2.017588842578359021e+00 1.008794421289179510e+01 1.210553305547015457e+00
1.008794421289179510e+01 7.397825756120649743e+00 4.707707299349504382e+00
2.555612533932587915e+00 1.035695605856890822e+01 1.210553305547015457e+00
1.170201528695448090e+01 1.035695605856890822e+01 4.169683607995275487e+00
9.011896830183335538e+00 9.549920521537565321e+00 3.631659916641046593e+00
1.116399159560025289e+01 1.035695605856890822e+01 4.169683607995275487e+00
9.549920521537565321e+00 1.008794421289179510e+01 2.824624379609702807e+00
1.008794421289179510e+01 9.818932367214680212e+00 3.362648070963931701e+00
1.035695605856890822e+01 9.549920521537565321e+00 4.976719145026619273e+00
9.818932367214680212e+00 1.008794421289179510e+01 3.093636225286817254e+00
1.035695605856890822e+01 7.666837601797764634e+00 4.707707299349504382e+00
1.089497974992313800e+01 1.546818112643408583e+01 3.026383263867538531e+01
1.788928773752811452e+01 3.362648070963931701e+00 1.748576996901244573e+00
5.514742836380848168e+00 1.748576996901244573e+00 2.286600688255473468e+00
9.818932367214680212e+00 7.666837601797764634e+00 4.438695453672390379e+00
1.089497974992313800e+01 1.519916928075697093e+01 2.999482079299826864e+01
8.742884984506222423e+00 6.590790219089306845e+00 2.918778525596692575e+01
1.170201528695448090e+01 1.573719297211119894e+01 2.918778525596692575e+01
1.089497974992313800e+01 1.035695605856890822e+01 4.169683607995275487e+00
1.170201528695448090e+01 1.008794421289179510e+01 4.169683607995275487e+00
1.089497974992313800e+01 9.549920521537565321e+00 4.707707299349504382e+00
9.549920521537565321e+00 9.549920521537565321e+00 3.362648070963931701e+00
9.011896830183335538e+00 5.783754682057963059e+00 2.838074971893558285e+01
1.896533512023657408e+01 1.412312189804851315e+01 2.286600688255473468e+00
9.549920521537565321e+00 9.818932367214680212e+00 2.824624379609702807e+00
8.742884984506222423e+00 1.008794421289179510e+01 3.362648070963931701e+00
1.089497974992313800e+01 1.170201528695448090e+01 3.362648070963931701e+00
1.197102713263159579e+01 1.546818112643408583e+01 2.918778525596692575e+01
9.280908675860450430e+00 6.590790219089306845e+00 2.891877341028981263e+01
3.631659916641046593e+00 3.362648070963931701e+00 3.631659916641046593e+00
1.170201528695448090e+01 1.627521666346542872e+01 2.972580894732115553e+01
8.742884984506222423e+00 5.783754682057963059e+00 2.838074971893558285e+01
1.681324035481965851e+01 8.742884984506222423e+00 3.053284448435249843e+01
1.735126404617388829e+01 9.280908675860450430e+00 2.918778525596692575e+01
5.783754682057963059e+00 2.555612533932587915e+00 2.017588842578359021e+00
9.549920521537565321e+00 1.385411005237139825e+01 2.838074971893558285e+01
9.818932367214680212e+00 1.008794421289179510e+01 3.093636225286817254e+00
1.735126404617388829e+01 9.280908675860450430e+00 2.918778525596692575e+01
1.008794421289179510e+01 1.008794421289179510e+01 3.362648070963931701e+00
1.815829958320523119e+01 3.362648070963931701e+00 3.362648070963931701e+00
1.600620481778831561e+01 8.742884984506222423e+00 2.864976156461269596e+01
1.735126404617388829e+01 9.011896830183335538e+00 3.080185633002961509e+01
1.062596790424602311e+01 1.493015743507985604e+01 2.972580894732115553e+01
1.546818112643408583e+01 8.204861293151992641e+00 2.891877341028981263e+01
1.412312189804851315e+01 6.725296141927863403e-01 2.017588842578359021e+00
5.522410145501655876e+00 1.719506824887058416e+00 1.991142776359529964e+00
8.336148586225936796e+00 8.966549001907329952e+00 2.817069825034788977e+01
5.773545270447902666e+00 1.601627072361269111e+00 2.068020875832870864e+00
1.485028621493369094e+01 1.682861597471432802e+01 3.218373504285629139e+01
5.773545270447902666e+00 1.688755585097722056e+00 1.960391536570193383e+00
1.399950191409538292e+01 1.665435894924141991e+01 3.072305115286280852e+01
8.925547348854880880e+00 5.501909318975431340e+00 2.879597345939772879e+01
1.459915108998744238e+01 1.667485977576764355e+01 3.272700694580122871e+01
8.976799415170441776e+00 5.507034525606988140e+00 2.853458792118836840e+01
1.420451017935762650e+01 1.721300647208103385e+01 3.242974496117097516e+01
9.304812639590030798e+00 6.311691966761289407e+00 2.902148255118619602e+01
1.352798290399222481e+01 1.680298994155654668e+01 3.099981231096683487e+01
8.961423795275774040e+00 5.568537005185660860e+00 2.856533916097770387e+01
9.366315119168703518e+00 6.480823785602639830e+00 2.892922883181818605e+01
1.132926925905467463e+01 1.706950068639746121e+01 3.046166561465345168e+01
9.535446938010053941e+00 6.260439900445728512e+00 2.811944618403233065e+01
1.383549530188559018e+01 1.690036886755611079e+01 3.062054702023168673e+01
9.484194871694491269e+00 6.552576678444424374e+00 2.817582345697944746e+01
1.272332546283792354e+01 1.639297341103206307e+01 3.005677429076052221e+01
8.987049828433555376e+00 5.532660558764767700e+00 2.854996354108303436e+01
1.196992008799918139e+01 1.592657960756046087e+01 2.993889453823473090e+01
9.299687432958473110e+00 3.969472536140169705e+00 2.966213338013070455e+01
1.261569612357524406e+01 1.620846597229604313e+01 3.000039701781340540e+01
8.997300241696667200e+00 6.644830397812433453e+00 2.884210031908173377e+01
1.276432711589037261e+01 1.644422547734761864e+01 3.072305115286280852e+01
9.853209749166529363e+00 5.829922543395019474e+00 2.790418750550697524e+01
1.517829943935327641e+01 1.716175440576547118e+01 1.358179757362355800e-01
1.457865026346121873e+01 1.697212176039789355e+01 3.211198215001449796e+01
9.115179994222454951e+00 6.716583290654218885e+00 2.871397015329283064e+01
1.964747962207016130e+01 1.185204033547339364e+01 6.419321306023966223e+00
9.145678137388012274e+00 5.627888163462198889e+00 2.869536755144495999e+01
9.479386035842662039e+00 5.244256955966836387e+00 2.844315676584764674e+01
1.587279657500709718e+01 1.683633542173962994e+01 3.334861225380625172e+01
2.203870488647079018e+00 1.317181268017705165e+01 5.444140014597522281e+00
8.977115785950168458e+00 5.514184505228788780e+00 2.852807068312601757e+01
9.516970884474073245e+00 5.144157241261630098e+00 2.825573871593815056e+01
2.025997345161908214e+01 6.313969836375314948e+00 5.863141475266216318e+00
2.001908873993594895e+01 6.317703011576076833e+00 6.214629411541449322e+00
9.487928046895257594e+00 5.264567960025225091e+00 2.832698541553237348e+01
2.293276870997557282e+00 1.398159532796291060e+01 4.332666191265253097e+00
9.291461792685606014e+00 6.856988642696476788e+00 2.762438918791758269e+01
2.788144044644470299e+00 1.440186227175050782e+01 1.862474780245093886e-01
9.499886862368887464e+00 5.102775943273511139e+00 2.827320238297900801e+01
1.976282840835814270e+01 5.251660032212416951e+00 6.968920624563422983e+00
9.300130352050089755e+00 5.003815163375317177e+00 2.847441419888453851e+01
1.042470192566300469e+01 1.609836894095150583e+01 1.009599268552802265e+01
8.077357288410327740e+00 5.483623087907288252e+00 2.812710235690168759e+01
9.169659042491220546e+00 5.369476510582261497e+00 2.807344587266021563e+01
1.990889679735749374e+00 1.407271011252390736e+01 3.361597719975242704e+00
9.971405872472045573e+00 4.305205207585064642e+00 2.797910410614601773e+01
2.767643218118246207e+00 1.440698747838206373e+01 2.306659354979952448e-01
9.696922583982042099e+00 6.618951268030872193e+00 2.751340631838981210e+01
1.082082977895752807e+00 1.182388333607780773e+01 1.383141411882712557e+00
9.537471711000298669e+00 5.073986202318473637e+00 2.817689911763051214e+01
7.969727949147649149e+00 5.509628766000738587e+00 2.815791687084697159e+01
9.383146044650111151e+00 5.145169627756753350e+00 2.811748468519802913e+01
1.969249918402512511e+00 1.407384904733091879e+01 3.274722303862569905e+00
9.306837412580275526e+00 5.447873189798285942e+00 2.802162433894114812e+01
1.973236190227056097e+00 1.368945854996421474e+01 1.686224618859916591e+00
1.880213689864313764e+01 5.987981384945970653e+00 6.568078846650982960e+00
9.784051096718496154e+00 6.369524545295144335e+00 2.740280309379771140e+01
3.122421410502626227e+00 1.206476804776094269e+01 9.481948639158439551e-01
2.715252216995672985e+00 1.411485070038336787e+01 5.046113936624635476e-02
1.021115164934816733e+01 4.248511563858222040e+00 2.817316594242974759e+01
8.000479188936987285e+00 5.484002732842958139e+00 2.811185328531891159e+01
1.419777148174946824e+00 1.223902507323384903e+01 1.044181758484615807e+00
9.515262482263555199e+00 5.339421286508321707e+00 2.815329785746297730e+01
1.595109834298920060e+00 1.122379124109413162e+01 1.541674809603251761e-01
9.221417302054343068e+00 5.089298548057196392e+00 2.815956199890154465e+01
1.956807055635901449e+01 4.533561636391061356e+00 7.394186226670686146e+00
1.032732299966343881e+01 4.535839506005086896e+00 2.822726534576284152e+01
2.013184328583018257e+01 5.694136204736756746e+00 6.488353410160111245e+00
5.844475599262400678e+00 1.512597171238664906e+01 2.993054234964997207e+01
7.699230932482189260e+00 9.640545311034927067e+00 5.602325404460363423e+00
1.369031275106947110e+00 1.155737259123689142e+01 8.251266306025533126e-01
5.836503055613313506e+00 1.511426599353679912e+01 3.029000282957429135e+01
6.096180191612153187e+00 1.060949409810077126e+00 2.281318055523926080e+00
1.517064326648391592e+01 3.208268621581190416e+01 3.020268449437000058e+01
1.653008850696517129e+01 7.293200673782248344e+00 2.838570383224946525e+01
5.886046719718355469e+00 3.357010343669218910e-01 1.212237916674898441e+00
3.785281468183877340e+00 3.197591107765448637e+00 3.505672973062318842e+00
5.302532453592307071e+00 8.182898580526815735e+00 2.768386689450601068e+01
1.077834118324037327e+01 1.971670154867414126e+01 3.294916250732460838e+01
2.215259836717203612e+00 4.755907020382272421e+00 2.753406533030590353e+00
7.267574640624467897e+00 1.850202757699535283e+01 3.242379719051213272e+01
4.238577521374835122e+00 3.150388587430376752e+00 5.197655540113242933e-01
9.759563998367728033e+00 6.564408945606164281e+00 2.436823784882490784e+01
1.970645113541102944e+01 4.296789744844360825e+00 7.282886986363190651e+00
9.167950640280702501e+00 5.166746114934043455e+00 2.802535751414191267e+01
3.956944253263032341e+00 1.511939120016835503e+01 3.179168837262021796e+01
4.454405667303696248e+00 2.393186763234927295e+00 3.723778988605204621e+00
1.754949843339726456e+01 6.272272167607468418e+00 2.975008445689443803e+01
6.878058936626207043e+00 3.342150408145504770e+01 1.332775183750383841e+00
1.162400027744712183e+01 2.008748810251264061e+01 2.107345763752772605e-01
6.065428951822817716e+00 9.067661103107658604e+00 2.728631537270271323e+01
1.308297576523007955e+01 1.735198815561452168e+00 2.437867808455585461e+01
6.387747502207344219e+00 8.851263489775293536e+00 2.691211201444317780e+01
9.160484289879173403e+00 2.054698502298622387e+01 2.947025450222708010e+00
5.589480750803500264e+00 9.415036219246459837e+00 2.813387269158781834e+01
3.958969026253277068e+00 1.570878996279730089e+01 3.020856899087289804e+01
