1.535994780217647815e+01 1.380300015741272723e+01 5.212336118216806646e+00
1.144519376201919414e+01 1.486805544785670996e+01 6.881378180902505193e+00
1.201567070965877981e+01 1.486805544785670996e+01 2.602801073605610860e+00
1.351317269721269376e+01 1.800567865987443383e+01 4.956018482618902432e+00
1.579508048777103824e+01 1.643686705386557279e+01 1.604466415236335708e+00
1.187305147274888384e+01 1.436888811867207316e+01 2.674110692060559291e+00
1.579508048777103824e+01 1.643686705386557279e+01 1.604466415236335708e+00
1.180174185429393674e+01 1.458281697403691801e+01 2.816729928970455710e+00
1.572377086931608936e+01 1.643686705386557279e+01 1.818395270601180558e+00
1.180174185429393674e+01 1.458281697403691801e+01 2.816729928970455710e+00
1.572377086931608936e+01 1.643686705386557279e+01 1.818395270601180558e+00
1.165912261738403899e+01 1.814829789678433158e+01 5.348221384121120137e-01
1.501067468476660594e+01 2.816729928970455710e+00 2.246252981330870035e+00
1.543853239549629563e+01 1.679341514614031539e+01 1.461847178326439289e+00
1.508198430322155481e+01 2.317562599785818023e+00 2.032324125966025186e+00
1.572377086931608936e+01 1.672210552768536829e+01 1.461847178326439289e+00
1.165912261738403899e+01 1.814829789678433158e+01 3.922029015022155396e-01
1.429757850021712429e+01 2.317562599785818023e+00 2.174943362875921604e+00
1.593769972468093421e+01 1.650817667232051988e+01 1.105299086051697799e+00
1.786305942296453964e+01 3.565480922747427117e-02 4.528160771889213621e+00
1.604466415236335708e+00 1.529591315858639966e+01 3.101968402790248991e+00
1.533156796781387499e+00 1.458281697403691801e+01 3.244587639700145409e+00
1.593769972468093421e+01 1.251483803884341839e+01 9.626798491418013803e-01
1.593769972468093421e+01 1.672210552768536829e+01 1.033989467596749590e+00
1.600900934313588309e+01 1.358448231566764086e+01 4.528160771889213621e+00
1.429757850021712429e+01 1.194436109120383271e+01 6.774413753220085432e-01
1.593769972468093421e+01 1.215828994656867579e+01 8.200606122319050728e-01
7.237926273177246017e+00 1.622293819850072794e+01 2.388872218240766454e+00
1.818395270601180558e+00 1.501067468476660594e+01 3.244587639700145409e+00
7.808403220816832579e+00 1.543853239549629563e+01 2.674110692060559291e+00
1.600900934313588309e+01 1.543853239549629563e+01 6.168281996353023544e+00
7.523164746997038854e+00 1.558115163240619161e+01 3.315897258155093397e+00
6.524830088627764368e+00 1.665079590923041764e+01 1.818395270601180558e+00
6.453520470172816381e+00 1.650817667232051988e+01 1.747085652146232349e+00
1.757782094914474413e+01 4.635125199571638044e-01 4.100303061159523921e+00
1.394103040794238346e+01 1.643686705386557279e+01 9.448524445280643391e+00
7.380545510087142880e+00 1.636555743541062213e+01 3.743754968884783096e+00
1.094602643283455556e+01 1.550984201395124451e+01 7.665783983906935717e+00
1.401234002639733234e+01 1.600900934313588309e+01 1.066078795901476362e+01
2.959349165880352572e+00 1.736389209377989928e+01 6.738758943992610106e+00
1.401234002639733234e+01 1.650817667232051988e+01 1.080340719592465959e+01
2.460181836695714441e+00 1.608031896159083018e+01 5.312566574893644145e+00
1.479674582940176286e+01 1.700734400150516024e+01 9.519834063735592267e+00
1.058947834055981474e+01 6.774413753220085432e-01 6.596139707082713244e+00
1.451150735558196914e+01 1.615162858004578084e+01 1.101733605128950266e+01
3.101968402790248991e+00 1.679341514614031539e+01 6.382210851717867506e+00
1.451150735558196914e+01 1.615162858004578084e+01 1.101733605128950266e+01
1.144519376201919414e+01 2.674110692060559291e+00 5.241256956438695269e+00
1.558115163240619161e+01 1.643686705386557279e+01 1.180174185429393674e+01
1.747085652146232349e+00 1.772044018605464188e+01 1.508198430322155481e+01
1.451150735558196914e+01 1.608031896159083018e+01 1.073209757746971071e+01
1.818395270601180558e+00 1.779174980450958898e+01 1.529591315858639966e+01
1.451150735558196914e+01 1.615162858004578084e+01 1.101733605128950266e+01
9.591143682190539366e+00 5.348221384121120137e-01 1.615162858004578084e+01
1.451150735558196914e+01 1.615162858004578084e+01 1.030423986674002101e+01
1.675776033691283917e+00 1.686472476459526249e+01 1.515329392167650369e+01
1.386972078948743459e+01 1.600900934313588309e+01 1.066078795901476362e+01
9.519834063735592267e+00 8.913702306868531711e-01 1.672210552768536829e+01
1.408364964485228121e+01 1.643686705386557279e+01 1.123126490665434929e+01
2.888039547425404141e+00 3.565480922747427117e-02 6.096972377898074669e+00
3.886374205794679515e+00 1.593769972468093421e+01 1.436888811867207316e+01
1.408364964485228121e+01 1.700734400150516024e+01 1.130257452510929639e+01
4.385541534979316758e+00 1.700734400150516024e+01 1.444019773712702026e+01
1.479674582940176286e+01 1.657948629077547054e+01 1.115995528819940041e+01
1.436888811867207316e+01 1.686472476459526249e+01 1.123126490665434929e+01
1.415495926330722831e+01 1.643686705386557279e+01 1.044685910364991699e+01
1.493936506631165884e+01 1.650817667232051988e+01 1.158781299892909011e+01
1.415495926330722831e+01 1.600900934313588309e+01 1.101733605128950266e+01
1.593769972468093421e+01 5.169947337983747282e+00 1.315662460493795116e+01
1.493936506631165884e+01 6.596139707082713244e+00 1.215828994656867579e+01
1.818395270601180558e+00 5.883043522533230707e+00 1.722127285687000153e+01
4.670780008799109595e+00 5.098637719528799295e+00 1.151650338047414301e+01
5.669114667168384969e+00 7.380545510087142880e+00 1.358448231566764086e+01
6.667449325537661231e+00 7.737093602361884592e+00 1.108864566974445154e+01
5.312566574893644145e+00 7.166616654722298030e+00 1.358448231566764086e+01
5.597805048713436982e+00 7.523164746997038854e+00 1.344186307875774489e+01
5.455185811803540119e+00 7.808403220816832579e+00 1.272876689420826146e+01
5.383876193348592132e+00 7.665783983906935717e+00 1.337055346030279601e+01
4.599470390344161608e+00 6.168281996353023544e+00 1.280007651266321034e+01
6.382210851717867506e+00 7.665783983906935717e+00 1.258614765729836549e+01
