7.686764072634456824e+00 4.809768233893882972e+00 1.463608117986523105e+01
4.059971082932134934e+00 4.490004951301341585e+00 1.217002030574261795e+01
6.310615627668167527e+00 8.027350401970254623e+00 1.197556214384166218e+01
8.789725326052540311e+00 8.930390610098543291e+00 1.529742692862032705e+01
6.085242018724133395e+00 5.487646427381447367e+00 1.570829321982282423e+01
6.185408067143703725e+00 8.102474938284931483e+00 1.194495585126901460e+01
9.065181959206359608e+00 4.958373974003962736e+00 1.302174087177940187e+01
9.290555568150393739e+00 8.710272627151832481e+00 1.527238541651543358e+01
8.739642301842755145e+00 4.917256429436671183e+00 1.305451124564506316e+01
8.564351717108506179e+00 8.652460741181277726e+00 1.554753289519882031e+01
1.041742361287056262e+01 5.258872119262674616e+00 1.751993841654715567e+01
8.889891374472110641e+00 4.958373974003962736e+00 1.319703145651365084e+01
8.814766838157433781e+00 8.676265635404446286e+00 1.570118266700291620e+01
1.049254814918524126e+01 5.308955143472459781e+00 1.743863079082386136e+01
8.789725326052540311e+00 4.958373974003962736e+00 1.307182389598918704e+01
8.389061132374257213e+00 8.851556220138695252e+00 1.552558292779823645e+01
1.014196697971674332e+01 5.409121191892031000e+00 1.748345818903631965e+01
1.247113675994219406e+01 6.624407415155403100e+00 1.420672995694055629e+01
1.017319158123025247e+01 4.900871242503839653e+00 1.772923599302879083e+01
1.259943586517096392e+01 6.454681610888907350e+00 1.449548023232289928e+01
9.015098934996574442e+00 9.090223471311253078e+00 1.569190803288999447e+01
1.089321234286352436e+01 8.414102644479150683e+00 1.119927526858998945e+01
1.244578609336686981e+01 6.343076847063398915e+00 1.459904697991720823e+01
1.069288024602438192e+01 9.001805292768050748e+00 1.087651800146026204e+01
1.264890058043988930e+01 6.285574115563274944e+00 1.462439764649253071e+01
1.094607775730718657e+01 8.580582326806122095e-01 1.461357724002745506e+01
7.495913867299753619e+00 1.067664963632676933e+00 1.596179988557605789e+01
8.789725326052540311e+00 1.335346361855162023e+01 1.454030763053536113e+01
7.061860990814946781e+00 8.789725326052540311e+00 1.227188670374955937e+00
9.340638592360178905e+00 4.410243097930201195e+00 9.351768153295687114e+00
9.641136737618889896e+00 6.132542652700041508e+00 5.315756541821937020e+00
7.212110063444303165e+00 6.686238309241558042e+00 1.636200034754869748e+00
9.719043664167445584e+00 7.167591819702272105e+00 6.072875839906902051e+00
8.614434741318291344e+00 6.285574115563274944e+00 5.265055208671290288e+00
4.699611682253405753e+00 5.985075970304561288e+00 1.662771861488394265e+01
9.415763128674857541e+00 6.110283530829025977e+00 5.312355842647198401e+00
1.520931790454755550e+01 7.111944015024731947e+00 1.722562336069706035e+01
1.713411363744955196e+01 6.886570406080697815e+00 1.306347672528755588e+01
1.269620121441579741e+01 5.960034458199668705e+00 8.867632252601095999e+00
9.463063762650765653e+00 7.156462258766763895e+00 6.035777303455208909e+00
1.010023112620858932e+01 6.689020699475435094e+00 5.372022655440338745e+00
1.537935286328447937e+01 6.531970228496601472e+00 1.737309004309253879e+01
3.672909685952806758e+00 7.217365689441626486e+00 1.134705110545590045e+01
2.813460258155255911e+00 6.886570406080697815e+00 1.098070305799543256e+01
1.287241926256133873e+01 5.068742119947748925e+00 9.097334024131161101e+00
3.238856809468000364e+00 7.212110063444303165e+00 1.113157043956565140e+01
8.901020935407618850e+00 6.138107433167795612e+00 5.302462899593413326e+00
3.008536728997074139e+00 6.209831270307734741e+00 8.886645252532588968e-01
2.997407168061565930e+00 7.637815769227478846e+00 1.108859796817577426e+01
3.567178857065481878e+00 6.691803089709312147e+00 1.123637380504168348e+01
2.159289398723739151e+00 7.017651901543346504e+00 2.003475545626628662e+00
3.136526679755414104e+00 7.637815769227478846e+00 1.085827788770484759e+01
3.380758711395725591e+00 6.488688602636293545e+00 1.634654262402715830e+00
3.008227574526643355e+00 7.287234599758980913e+00 1.112971551274306670e+01
2.014605106562136427e+00 7.228804404847564591e+00 2.349110243568234502e+00
8.914932886577004112e+00 6.110283530829025977e+00 5.414685972359785104e+00
3.297287004379416686e+00 7.111944015024731947e+00 1.113002466721349748e+01
1.631253563227977432e+00 6.085242018724133395e+00 2.773270176999255376e+00
3.008536728997074139e+00 7.712940305542156594e+00 1.114053591920814412e+01
1.839314521827887461e+00 6.299486066732659317e+00 2.689489315512515688e+00
1.545076754595398860e+01 6.310615627668167527e+00 1.586008806480433364e+01
3.044707802037474487e+00 7.422953412278091356e+00 1.060724445771505842e+01
1.917221448376442705e+00 7.671204452034002585e+00 2.384663007667773282e+00
2.955980469023842261e+00 7.014560356839038668e+00 1.134426871522202340e+01
1.801288521964902856e+00 6.468593562058293500e+00 3.209487134777076811e+00
3.119523183881721451e+00 7.676460078031325907e+00 1.107283109018380429e+01
3.080260566137013267e+00 8.141428401559208439e+00 1.086817083075863088e+01
1.046750663708034779e+01 5.233830607157782033e+00 6.998175169906208026e+00
6.986736454500269033e+00 1.335841009007851277e+01 6.886570406080697815e+00
1.297165784756961671e+01 1.342673322804371416e+01 4.753249982873145041e-01
3.062175029616813760e-01 1.534410925365537182e+01 3.416620629965695155e+00
2.756112103890347442e-01 1.516356304292380131e+01 3.130034435876367649e+00
5.148967705024535269e-01 1.770264870857174344e+01 3.101901379067167674e+00
1.765442061118454475e+01 1.453041468748157605e+01 3.204231508779753490e+00
1.735392246592583021e+01 1.492798733645555131e+01 3.844181262571455093e+00
1.717863188119158480e+01 1.475547914195517940e+01 3.394052353624248841e+00
1.722902405987179719e+01 1.448806052503256048e+01 2.940831899972734309e+00
1.757373129440210846e+01 1.497343304360887650e+01 3.856547441388685993e+00
1.777962817170900678e+01 1.427999956643265023e+01 3.028631769575074184e+00
1.749582436785355455e+01 1.500558510853367622e+01 3.910649473714071789e+00
