8.593853710900310361e+00 4.613622207845418544e+00 1.171799290010459593e+01
4.884708864163954445e+00 3.458516495064990259e+00 1.372710155257753861e+01
6.025662759443126681e+00 7.523164746997038854e+00 1.372710155257753861e+01
1.818395270601180558e+00 6.382210851717867506e+00 1.429757850021712429e+01
4.385541534979316758e+00 5.526495430258488106e+00 1.750651133068979348e+01
1.533156796781387499e+00 2.317562599785818023e+00 1.600900934313588309e+01
1.747085652146232349e+00 6.310901233262919519e+00 1.408364964485228121e+01
1.675776033691283917e+00 2.388872218240766454e+00 1.629424781695567503e+01
4.456851153434265633e+00 5.383876193348592132e+00 1.736389209377989928e+01
1.247918322961594439e+00 2.674110692060559291e+00 1.608031896159083018e+01
1.533156796781387499e+00 4.242922298069420783e+00 2.032324125966025186e+00
1.247918322961594439e+00 2.602801073605610860e+00 1.600900934313588309e+01
4.528160771889213621e+00 5.740424285623333844e+00 1.722127285687000153e+01
1.390537559871491080e+00 2.460181836695714441e+00 1.657948629077547054e+01
4.528160771889213621e+00 9.626798491418013803e-01 3.922029015022155396e-01
1.675776033691283917e+00 4.528160771889213621e+00 1.747085652146232349e+00
4.528160771889213621e+00 5.740424285623333844e+00 1.736389209377989928e+01
1.533156796781387499e+00 2.460181836695714441e+00 1.679341514614031539e+01
4.171612679614472796e+00 1.722127285687000153e+01 1.479674582940176286e+01
1.390537559871491080e+00 2.460181836695714441e+00 1.657948629077547054e+01
4.528160771889213621e+00 2.602801073605610860e+00 1.351317269721269376e+01
4.528160771889213621e+00 2.816729928970455710e+00 1.358448231566764086e+01
3.315897258155093397e+00 1.643686705386557279e+01 1.515329392167650369e+01
3.922029015022155396e-01 7.166616654722298030e+00 1.750651133068979348e+01
4.456851153434265633e+00 2.602801073605610860e+00 1.329924384184784714e+01
5.740424285623333844e+00 1.747085652146232349e+00 1.807698827832938093e+01
4.028993442704575934e+00 1.636555743541062213e+01 1.572377086931608936e+01
3.601135731974886678e+00 1.066078795901476362e+01 1.600900934313588309e+01
4.742089627254058470e+00 1.390537559871491080e+00 1.821960751523927868e+01
4.242922298069420783e+00 1.066078795901476362e+01 1.636555743541062213e+01
3.458516495064990259e+00 1.066078795901476362e+01 1.622293819850072794e+01
2.674110692060559291e+00 1.073209757746971071e+01 1.608031896159083018e+01
6.774413753220085432e-01 1.294269574957310809e+01 1.593769972468093421e+01
4.385541534979316758e+00 1.066078795901476362e+01 1.636555743541062213e+01
5.312566574893644145e+00 5.027328101073851307e+00 3.244587639700145409e+00
3.601135731974886678e+00 4.884708864163954445e+00 9.519834063735592267e+00
4.171612679614472796e+00 1.073209757746971071e+01 1.429757850021712429e+01
2.495836645923190100e-01 4.884708864163954445e+00 1.087471681437960669e+01
4.528160771889213621e+00 1.094602643283455556e+01 1.458281697403691801e+01
2.388872218240766454e+00 5.098637719528799295e+00 9.519834063735592267e+00
1.444019773712702026e+01 5.455185811803540119e+00 1.615162858004578084e+01
5.169947337983747282e+00 5.740424285623333844e+00 3.244587639700145409e+00
1.747085652146232349e+00 1.094602643283455556e+01 1.586639010622598533e+01
3.815064587339731528e+00 5.098637719528799295e+00 9.662453300645488241e+00
9.805072537555384216e+00 5.383876193348592132e+00 1.586639010622598533e+01
3.957683824249627946e+00 1.158781299892909011e+01 1.736389209377989928e+01
1.080340719592465959e+01 5.883043522533230707e+00 1.579508048777103824e+01
1.444019773712702026e+01 5.455185811803540119e+00 1.608031896159083018e+01
1.176608704506646230e+00 6.096972377898074669e+00 1.101733605128950266e+01
1.714996323841505443e+01 8.450189786911368017e+00 2.602801073605610860e+00
1.094602643283455556e+01 5.740424285623333844e+00 1.593769972468093421e+01
1.094602643283455556e+01 5.811733904078281832e+00 1.572377086931608936e+01
6.667449325537661231e+00 6.239591614807971531e+00 3.601135731974886678e+00
1.301400536802805519e+01 6.596139707082713244e+00 1.536722277704134854e+01
5.241256956438695269e+00 1.101733605128950266e+01 1.636555743541062213e+01
1.051816872210486586e+01 6.239591614807971531e+00 1.579508048777103824e+01
1.108864566974445154e+01 5.954353140988178694e+00 1.586639010622598533e+01
1.094602643283455556e+01 5.883043522533230707e+00 1.579508048777103824e+01
1.080340719592465959e+01 1.608031896159083018e+01 1.679341514614031539e+01
1.301400536802805519e+01 6.524830088627764368e+00 1.586639010622598533e+01
1.030423986674002101e+01 1.643686705386557279e+01 1.629424781695567503e+01
1.272876689420826146e+01 6.810068562447558094e+00 1.586639010622598533e+01
6.310901233262919519e+00 4.100303061159523921e+00 1.130257452510929639e+01
1.308531498648300406e+01 6.310901233262919519e+00 1.508198430322155481e+01
4.242922298069420783e+00 1.194436109120383271e+01 1.479674582940176286e+01
1.094602643283455556e+01 1.672210552768536829e+01 1.615162858004578084e+01
1.151650338047414301e+01 6.382210851717867506e+00 1.586639010622598533e+01
1.187305147274888384e+01 6.382210851717867506e+00 1.679341514614031539e+01
1.515329392167650369e+01 1.215828994656867579e+01 1.222959956502362466e+01
1.329924384184784714e+01 4.813399245709006458e+00 1.586639010622598533e+01
1.187305147274888384e+01 7.380545510087142880e+00 1.636555743541062213e+01
1.337055346030279601e+01 1.408364964485228121e+01 6.952687799357453180e+00
1.272876689420826146e+01 1.465412659249186689e+01 6.952687799357453180e+00
1.329924384184784714e+01 1.408364964485228121e+01 7.309235891632194893e+00
1.322793422339290004e+01 1.465412659249186689e+01 5.740424285623333844e+00
1.351317269721269376e+01 1.458281697403691801e+01 6.096972377898074669e+00
1.337055346030279601e+01 1.408364964485228121e+01 6.952687799357453180e+00
1.294269574957310809e+01 1.458281697403691801e+01 6.881378180902505193e+00
1.315662460493795116e+01 1.472543621094681399e+01 5.740424285623333844e+00
1.308531498648300406e+01 1.429757850021712429e+01 6.881378180902505193e+00
