3.253223655224556410e+01 1.006124194961466856e+01 3.732210834608828076e+00
2.373003215211082306e+01 8.531928604474835254e+00 2.688290965693045820e+00
1.019562284162199006e+01 3.378578173701095722e+01 3.573969624474361950e+01
3.690297090003792135e+01 7.602135654541383403e+00 6.077387645252474435e+00
3.388586142864919282e+01 3.088786377834662389e+01 7.737518166632799677e+00
9.500015226510122091e+00 2.284126243009996671e+01 1.522129394659419077e+01
4.163767873540548692e+01 3.984781621428620468e+01 3.110873892054098988e+01
3.896929713499851289e+01 3.176384769349166959e+01 8.214498363425436267e+00
2.552758164547858044e+01 1.639663112667065548e+01 2.028423555565086023e+00
2.856770341639748523e+01 3.184165679492422907e+00 2.706229353286515504e+01
2.620725016035737198e+01 1.968685289874664690e+01 1.616602586535429253e+01
2.108914481398284835e+01 3.094532438188413082e+01 1.532885978088040702e+01
3.096520286762773466e+01 1.672801687063207154e+01 3.629609513152965405e+01
4.163544237872078924e+01 9.699056989793409800e-01 1.137303411207424375e+01
4.165325654938397548e+01 3.421376783575605884e+01 4.085421794999124501e+01
3.388738768799575496e+01 7.347573570636730445e+00 8.891328468558807430e+00
1.463992506028281859e+01 1.874587261292824891e+01 1.315626013093673841e+01
1.490073938807833720e+01 3.400299672643063786e+01 5.649575990369116951e+00
3.854374835162779789e+01 3.858371917797391859e+01 3.222533969306889645e+01
1.709594758965623384e+01 2.064539685666427005e+01 2.336307343331053499e+00
3.964919708926167630e+01 1.150866980879903423e+01 3.900444505431829612e+01
8.395014289756025150e+00 7.769394461074204727e+00 4.068185972220242697e+00
1.050957118571069770e+00 3.469490417904228963e+01 4.099312734822722604e+01
5.247826495722430096e+00 4.084937360474322077e+01 1.639493038023374893e+01
3.884783855413578380e+01 2.361158651959204846e+01 3.543535209209341730e+01
1.990379090075343171e+01 1.083392657752067656e+01 4.796187279309452656e+00
1.343271827832287002e+01 3.454276792051227574e+01 1.423713366737946018e+01
3.267165423836843985e+01 2.573056905531984384e+01 2.212340328854363491e+01
1.740006158365216749e+01 3.820089372223046098e+01 3.959784927557095102e+01
3.906888864911379500e+01 2.608091428620452845e+01 2.717652895183764628e+01
3.572822824706214817e+01 7.976718139508826688e+00 3.162041239681820315e+01
1.596560412064648915e+01 1.622726531894829094e+01 2.819357884882565113e+00
7.850706157664713025e+00 1.137484402283373264e+01 3.370233026482917893e+01
1.318035974806038979e+01 3.331548229176511455e+01 1.475394278089476785e+01
3.389526152000108539e+01 3.191770844576256394e+01 2.603711686560941274e+01
2.979947394131893645e+01 2.097559633703802362e+01 3.722628453009458660e+00
3.312643851210676615e+01 1.877264033765459672e+01 2.994274771245591382e-01
4.172414814754760926e+01 2.159408674332466660e+01 1.540797972827164308e+01
2.886313706399711165e+01 6.902446606633090731e+00 2.290442547689691466e+00
1.309294550147974512e+01 3.462895072726265511e+01 3.997403566494553218e+01
1.886085870028104594e+01 1.850109795724125661e+01 1.403919773220614253e+01
3.105690809894129956e+01 5.459196454485244487e+00 1.132078639021977695e+00
2.501971482220595888e+01 1.810988432150583805e+01 3.869076860175987775e+01
1.323682541654292777e+00 2.536570273595686942e+01 2.640128942885293384e+01
3.774027748712030927e+01 8.303288552018898372e+00 3.541251032610033822e-01
3.865993166853054674e+01 1.617679862970063809e+01 1.770097540502251832e+01
1.997848770492901238e+01 1.547471359765327570e+01 1.403067042074896342e+01
9.867430972804067224e+00 2.706379177888696308e+00 3.504527619431587482e+01
3.883052164442902665e+01 2.087994369602974132e+00 2.644203271531342381e+01
3.994413635856453482e+01 2.159623001074003668e+01 4.217383906839732077e+01
2.382482450453761391e+00 1.571580822248942688e+01 3.251632709238691632e+01
1.548345249712276406e+01 1.309609477110834863e+00 3.934146272924624554e+01
2.264951467644987115e+00 1.865504177616117643e+00 2.951635722094741254e+01
3.331615482278893126e+01 3.016184122269707757e+01 1.600803116676360460e+01
3.104813501153455491e+01 1.350351536309171330e+01 3.858809930236976982e+01
2.314055719892123975e+01 3.992099804686507269e+01 1.030367430334941226e+01
4.052059294921232180e+01 1.088990786011607703e+01 9.357074753788046095e+00
2.856648949941409832e+00 1.867408108734758443e+01 3.523533650210185186e+01
2.174162213828930490e+01 1.010174413496994994e+01 8.361596842815727015e+00
2.844275351800551732e+01 3.422651345139760082e+01 9.939052601920842278e+00
1.246634024160323051e+01 2.830269310786562897e+01 4.055738657586098839e+01
5.762680200664239472e+00 1.710620922631083829e+01 4.286403670396349064e+00
4.197583122628937247e+01 4.020629267243030824e+01 3.122377141375596091e-02
3.260071058228223961e+01 7.699593971109202961e+00 2.889288200764671899e+01
3.789715646828248907e+01 3.492780699179679971e+01 1.014905263461198892e+01
2.320289269357591522e+01 3.436468415548097255e+01 2.919171278463851138e+01
3.163406025452090020e+01 1.326140447987056170e+01 1.297140917419910089e+01
2.112433592345664479e+01 2.093098198430025647e+01 1.042762996228298356e+01
4.885878847631338395e+00 1.314969317150561601e+01 1.240385734417920283e+01
1.803797624077302686e+01 3.710621517712918660e+01 3.391566703959600915e+01
1.803582696421793230e+01 1.870352746953007284e+01 1.763452651576112373e+01
1.770445022492080867e+01 1.784873574877494207e+01 3.278879260227822101e+01
1.538342310205515773e+01 3.696105392717976201e+01 3.356315783454499524e+01
3.428152809605334284e+01 2.718765398825525992e+01 1.859539959326495051e+01
1.259025267199825926e+01 3.112296688652490317e+00 2.290199886097827076e+01
1.484468142627834730e+01 3.904064742328999671e+01 2.902408550605731108e+01
3.554130635608097322e+01 1.400070310732518486e+01 3.305047553333639598e+01
1.628059776176200124e+00 4.571900507336999375e+00 1.097752918974481062e+01
3.541911383837129534e+01 2.042161477796004476e+01 2.934313394200487224e+01
3.410717742120304763e+01 1.609198495019608099e+00 2.626697432784997943e+01
2.658433250154147220e+00 1.462532848633365212e+01 6.676927352871294019e+00
2.491950408120969485e+01 5.630645180033116759e+00 1.419062618679396337e+01
1.470526323861377449e+01 3.528854555100566870e+01 3.371762928028894635e+01
3.690752066536056475e+00 9.655933899764502115e+00 2.461677696072929677e+01
5.779453205928943405e+00 2.201803144244920674e+01 7.935188575870304462e-01
1.835405439222890323e+01 2.405604399030709217e+01 1.612215948088042339e+01
1.807090204037298165e+01 3.104084216332963919e+01 2.805438669028948340e+01
1.039685511011154340e+01 5.100099674820190110e+00 2.988352018543818645e+01
2.725752256984876443e+00 3.719109472437925490e+01 2.101838103015944270e+01
1.159440423930293917e+01 2.137140016059648673e+01 1.542675354191363590e+00
3.695252753469352314e+01 1.511586474687655191e+01 4.200721297134740695e+01
4.235577937489919265e+01 2.071112358705627443e+01 2.995289820835413508e+01
4.842339870949325054e+00 3.206860678055674896e+01 4.184104280384212160e+01
6.947232259908170171e+00 2.852329061450153702e+01 6.867372869214429798e+00
2.489298933634090716e+01 3.169587249554666641e+01 2.629067167178736675e+00
3.522402615042283713e+01 1.259354720914531889e+01 9.379056255301282619e+00
1.733922067402265554e+01 2.902234790974892320e+01 3.486784952544847727e+01
2.003240229483710610e+00 2.643263088877183620e+01 1.343294501026147714e+01
1.138319294322717923e+01 2.869391514503162455e+01 3.166317661678953854e+01
1.596161470965151530e+01 3.445535370001045550e+01 2.690690595381820671e+01
2.654076794667281902e+01 1.678154674615092290e+01 3.954535185108983342e+01
3.011409396131989524e+01 1.061029406849522339e+01 1.091721178260321423e+01
1.463636066769873878e+01 1.844501872106373952e+01 2.073802476468052802e+01
6.832343303009808189e+00 3.440057967985564069e+00 4.941702216423094818e+00
3.064977620528813063e+01 3.776687727221356283e+01 3.419612412102198817e+01
8.693868281385849883e+00 2.958324917288505063e+01 7.242802636600360167e+00
4.167471794091515847e+01 5.795136609154408980e+00 2.274171065013169724e+01
2.232657023298772714e+01 3.619692337407686011e+01 1.447340550293586325e+01
3.419161249816179549e+01 3.292633514771804926e+01 2.030750013934532916e+00
7.387043173418075703e+00 3.786446995074278732e+01 6.607917595039837444e+00
3.821686707985440989e+01 5.003156924431213959e+00 1.335929406698710631e+00
1.441276226909879021e+01 2.142809234215173575e+01 1.039752747498659247e+01
1.701160827849049539e+01 2.919877479628863881e+01 8.066092618538442949e+00
3.149359656184071810e+01 1.788910424055683279e+01 7.403767033618859905e+00
2.960103909123298038e+01 1.305931465156202087e+01 3.372535068911250278e+01
1.521683710594414229e+01 1.461452045287871826e+01 1.124275004191877514e+01
1.873307028350852832e+01 1.659010197243664209e+01 3.547184078767947568e+01
2.745741793839358280e+01 2.816513843742759704e+01 2.717833092150925012e+01
3.820543984277603222e+00 3.669453874859446785e+01 2.578820251594629553e+01
2.737800263808036760e+01 1.189130897480086091e+01 3.242304216431558217e+01
1.170022680293156547e+01 1.890231544131911079e+01 2.648228497303323881e+00
2.624781244588464801e+01 6.036684925523708500e+00 1.650800835286753454e+01
6.097276217280573896e+00 4.145603476632206963e+01 1.644759468973227712e+01
3.592059560911189209e+01 3.330482638778060789e+01 3.523361859326153933e+01
1.345288021932546485e+01 2.576298805134024406e+01 3.536160367460075804e+01
1.885564559431097020e+00 1.139688601853289285e+01 1.516880640264385249e+01
1.175767557142655129e+01 3.640627162872435463e+01 2.328284904223509955e+01
3.676981247657668206e+01 2.394072982936241090e+01 2.666369839849454237e+01
3.151973933840228881e+01 1.413870568532022212e-02 3.440374525764496383e+01
2.006970102894412022e+01 3.393149695734642535e+01 3.439372845332957951e+01
4.067005264130482800e+01 3.885513838214036042e+01 3.590053752013245969e+01
2.507035438678863137e+00 3.616967777255724315e+01 4.651219761205193315e+00
2.485043833009697423e+01 1.863481532175143229e+01 2.547450715670239063e+01
1.128572445822054249e+01 3.374142356447764257e+01 9.318699463913203473e+00
2.927586220751962287e+00 2.013532167003452500e+01 2.950075670010547313e+01
2.711768348599452239e+01 1.402295330081325275e+01 1.863280807369180891e+01
3.118519749557477283e+01 2.771424438714146277e+01 7.688134398816039550e+00
4.107780514121757420e+01 3.032288826916215640e+01 9.742583345025522590e+00
3.319600850803900016e+01 2.771872606655750815e+01 2.282975905426921059e+01
3.061693831078630978e+01 9.557326023256406344e+00 7.689646243854967089e+00
4.232934899487736402e+01 1.623437772742099128e+01 1.173034768631628033e+01
2.250015448074742253e+01 1.935727919372382999e+01 4.250757377891618560e+00
2.685495794029291616e+01 1.993492647877804558e+01 5.272049825289983005e+00
2.885375874954075570e+01 3.942132462271356275e+01 1.107862057996919170e+01
1.957142849684584007e+01 3.656972620729317924e+01 1.491025534133912878e+01
2.834327846343309432e+01 2.300252792054667594e+01 3.627783893038647278e+01
2.780122635979708079e+01 2.476387749561420293e+01 4.125981485868410203e+01
1.301821079118848523e+01 2.625475779047761549e+01 6.890575920700911183e+00
4.041073632097165813e+01 2.365313234414664834e+01 1.411689194684295501e+01
2.063312651309589540e+01 2.441484470027458897e+01 2.943794593944402749e+01
9.830461801305457215e+00 4.140169461645498217e+01 4.019920538830207590e+01
3.511827125648540715e+01 2.506399062718220674e-02 2.232856274041832023e+01
3.655943701486197028e+01 2.084515248427875278e+01 1.892343230275901789e+01
3.007649834077269801e+01 2.070107699728730211e+01 1.102326232949895690e+01
2.398650046547329495e+01 4.162166585414036390e+00 1.035010370081950626e+01
9.051449212649385956e+00 3.842017031067434374e+01 1.734433976464375604e+01
3.925871286116181835e+01 2.785443897177048811e+01 1.398713211775510334e+00
1.377546992001208537e+01 4.211584593807262422e+01 2.120890901898204817e+01
3.251013199796125974e+01 7.761422967826740127e+00 9.181987684310669806e+00
3.595293080324550772e+01 5.977557375470007095e+00 3.519477545517005979e+01
2.942387489999272177e+01 1.902464466060152048e+01 8.167068510381586322e+00
6.426138276845646535e-01 5.375007467889287849e-01 3.972950921431284854e+01
2.002716409869160685e+01 1.353393872714830337e+01 2.222847253890259722e+01
2.367319839141808302e+01 3.509117149833137006e+01 1.905235463397877282e+01
3.949512657476548583e+01 1.289312323520587222e+00 3.058527489484751882e+01
3.584107709384380769e+01 2.954674516276373097e+01 3.544745408859465985e-01
2.235664311487870748e+01 3.554027950503294564e-01 1.740114986979192935e+01
3.584565919560989755e+01 2.805835356014626925e+01 3.263062237467772775e+01
3.186618767911423689e+01 8.147855328432202171e+00 2.075312807123028946e+01
2.098911976202057872e+01 3.340539249261087917e+01 2.313843767267177398e+01
2.694042993260550034e+01 1.220774679901254522e+01 4.196413263180570397e+01
2.579942567621339222e+00 7.913079292905179862e+00 3.118649415600411601e+01
3.202774383135247405e+01 5.750485998425972411e+00 1.743554425713928069e+01
1.725047776442261593e+01 6.537961327520908306e+00 3.319367483936851926e+01
4.365910219168183559e+00 1.094392149521402402e+01 3.015109282211163233e+01
3.725127932426094901e+01 5.853418380801172383e+00 1.745732125102106735e+01
1.013800442307053729e+01 5.254476700339223427e+00 4.008827251176668938e+01
2.408750380521718881e+01 9.654666066868593077e+00 1.841054246912029413e+01
4.126680419458114102e+01 5.298700730795763647e+00 3.262500336469032902e+01
1.446020402492153245e+01 2.435318424699885043e+01 2.077031821657175481e+00
3.516850241797050103e+01 5.003765820088450944e+00 2.935050441896727946e+01
1.685402991811215045e+01 1.866661102659985971e+01 3.057375993677836590e+01
4.196411947936174869e+01 1.101455958819446401e+01 9.933796843225213280e+00
2.974565170951095538e+01 1.639999358697745890e+01 3.237107028118332863e+01
3.257528106739655271e+01 4.142625939546711322e+01 2.087110423270837600e+01
1.612929006684830568e+01 1.472817138709449747e+00 2.296436981845471692e+01
2.368024036620997919e+01 7.400656042901712084e+00 4.023694118620078086e+00
2.995970760369259622e+01 4.206791383640143778e+01 2.747385198891304015e+01
1.846325730180887348e+01 4.089521967675460701e+01 7.434150205837227965e+00
2.843537977060212718e+00 3.289804537339349366e+01 3.431385032222585352e+01
2.238589841920226675e+01 5.746931297675693662e-01 4.085029043037402374e+01
5.750364567448615460e+00 2.152743141427091800e+01 1.619495815620916090e+01
3.252454584995835063e+01 3.352475937728319977e+00 2.854512303067619161e+00
2.174286741173014903e+01 3.322733803900187155e+01 1.408849359993506134e+01
3.042985236381269587e+01 2.407438143455753021e+01 1.546235645503447387e+00
2.659995975811776248e+01 1.681534804444642717e+01 3.362511946512184835e+01
2.816243165798075410e+01 6.119415940961225431e+00 2.775526787531539341e+01
1.253491868518279340e+01 8.630111626780218259e+00 9.509798396645492424e-01
1.498021817947261702e+01 1.372623225962282767e+01 1.580765065137983605e+01
1.246719353006972142e+01 1.413646997810439210e+01 1.487188044745650473e+01
1.723814094170498379e+01 1.015089410012206450e+01 2.995151773409360274e+01
2.512933151138208032e+01 2.172901154160877724e+01 8.504421407867052807e+00
2.182543391711248759e+01 2.398508794178999892e+01 1.739194825474269734e+01
4.224933146887243396e+01 2.492768147478178875e+01 4.227674390345355704e+01
3.303361721346495017e+01 1.842619018998659541e+01 8.280850968413794533e+00
2.259179049438814957e+01 3.019538716116062105e+01 3.891691473063476536e+01
3.223863736685395054e+01 1.137010540043532458e+01 4.168018538278550267e+01
3.861000535872111783e+01 1.121607277729528285e+00 1.788616161124395987e+01
1.692339967387141897e+01 6.101156837803374700e+00 8.703677998421468942e+00
3.685797034366967750e+01 3.422166977496171114e+01 1.122487032671475315e+00
4.233254390371524778e+01 2.912374154252010428e+01 2.705113310810153848e+01
1.265612705460179654e+01 3.728471169603144375e+01 1.504445758895625751e+01
1.725149274468204652e+01 4.123094522052127786e+01 3.653683697970934929e+01
3.818408699173566134e+01 3.279511367547154777e+01 2.523853073037165373e+01
2.301642585324101020e+01 6.627361489966592245e+00 1.870870846716960756e+01
1.356046276304748055e+01 2.418096486212084884e+01 1.736010278999373568e+01
1.854054764789671905e+00 3.905659620245212693e+01 4.694786892799489131e+00
3.178830632934029055e+01 6.950151626956220241e+00 1.212002214913564124e+01
2.978369446667825216e+01 3.021064038795623907e-01 2.496222451136534559e+01
3.844250682309260014e+01 2.563634654645301225e+01 2.153481432340094770e+01
3.929068353125864377e+01 3.729946203093705748e+01 2.697760273705711498e+01
3.250219654331552910e+00 1.980237926419362182e+01 2.588966497631106733e+01
5.358155983190859395e+00 2.842138193741995167e+01 1.079450584200098717e+01
3.884504179199309704e+01 1.345307538699353422e+01 2.453822384222089426e+01
4.109641144162083037e+01 2.055710104471959099e+01 3.380801751771064545e+01
2.412313297334050688e+01 2.275753383587329637e+01 1.415950660111378312e+01
3.454914314448997459e+01 1.997763874384262550e+01 2.465943241693296883e+01
1.818907028178429286e+01 3.930365953656174582e+01 1.086618621233643545e+01
3.172681864275649843e+01 7.484958566767155652e+00 8.544944123092886201e+00
1.195781740567117346e+01 3.688944334955213122e+01 4.220296219511306646e+01
2.048885543331653381e+01 2.187425539926722706e+01 5.016109841496700916e+00
3.601376858965237204e+01 1.269472409485999442e+01 1.920797330267945568e+01
2.238833579915218142e+00 2.057335234532999380e+01 2.917568497732405675e+01
2.755507649195903852e+01 4.069825815005969361e+01 4.173343613173899769e+01
9.876669353541918994e+00 4.162896186055614578e+01 4.117951599884449365e+01
1.395910170963519725e+01 3.756842868430025817e+01 2.167511574362182003e+01
8.276086123299070119e-01 4.066821758468395664e+00 2.969800425492499585e+01
4.119332265588005271e+01 6.046570957855236017e+00 1.024437889492890541e+01
1.410488745771685970e+01 2.702223659522868360e+01 1.580183097029234673e+01
3.963750568551981956e+01 3.536983078729030439e+01 3.765502888279785765e+01
7.466483146574235619e+00 3.451612344442444424e+01 3.082028635994901578e+01
3.679918856828260232e+01 3.505312569504283005e+01 2.785381494990230067e+01
3.007646203592246881e+00 2.132575852858711585e+01 1.320099894772803850e+01
2.756148814895524168e+01 2.666907233112996423e+01 2.796818220418854750e+01
6.310045392967595923e+00 2.834899117299627846e+01 2.245568047677306467e+01
3.562339663229932540e+01 9.543274891082893507e-01 3.308983611653809476e+01
3.225776699157344041e+01 9.676281829522261901e+00 5.447137244826518732e+00
3.143453635040569338e+01 1.194570925520442550e+01 4.089221540555809753e+01
2.854276940490613157e+01 4.170246945793601867e+01 7.536021758252410940e+00
3.234405228443820590e+01 4.170321971064903721e+01 2.161632147867080889e+01
1.729681351191475613e+01 1.983561384039105491e+01 9.154654603891783538e+00
1.812605781033445496e+01 5.047437293537161196e+00 4.177926890679057870e+00
4.258329003096231524e+00 7.451801868729926781e+00 2.576509268448521439e+01
8.951821846056052578e+00 3.109650785267301742e+01 2.940706895784708408e+01
1.265452960902714885e+01 3.262432265816831034e+01 1.347739465508396739e+00
4.147853493819826376e+00 3.575411275672227163e+01 2.135487576651083241e+00
8.505414630522576402e+00 5.950931912064090223e-01 2.929703629889670324e+01
2.708389585168187708e+01 3.282337767226731984e+01 2.076576712139264913e+01
2.537956653690882547e+01 1.641511390917310820e+01 1.551892322095025456e+01
3.772490262024746244e+01 5.943995556187263496e+00 4.214661063253448958e+01
1.838780797104077536e+01 1.877408681323736062e+01 2.450708010998658182e+01
1.493347058237260505e+01 6.602812939793837543e+00 2.457388280734579666e+01
1.604986001541212959e+00 2.681381784035216764e+00 2.785979287491909062e+01
3.929191828333024006e+01 2.836547255044486349e+01 2.783124722922214644e+01
1.325947392912603107e+01 3.755025939405922486e+01 5.233573475634062611e+00
2.352512518435510458e+01 3.763607415862123418e+01 1.433711610578179574e+01
9.449853312907059433e+00 9.307302415913278892e+00 1.941061101515947129e+01
1.812611740035409369e+01 2.558458827748254549e+01 3.100365315047977077e+01
4.103386835783378217e+01 2.614124671258136701e+01 2.444551131241523123e+01
3.650995813036151816e+01 2.684039976119074211e+01 3.461460440369643266e+01
3.804741553313771618e+01 3.751395863350706605e+01 2.738149923764550309e+01
2.366306883318882015e+01 1.148999794520098483e+01 3.986574149190144567e+01
7.324490850912040329e+00 3.397894997892782953e+01 9.327086254236883534e+00
3.594773643634918869e+01 5.204142866599319461e+00 1.764521068685361627e+01
3.417686754526895498e+01 1.562403300336963774e+01 1.793991016556973506e+01
3.965251847533862062e+00 4.163093100372807953e+01 4.131909967630423353e+01
2.790168496204963944e+01 1.492509403774175603e+01 4.609654576244139434e+00
3.898084628445158728e+01 4.215218365640075149e+01 2.102612149657150198e+01
8.601751509818708286e+00 3.922909886564405468e+01 2.098904591939913544e+01
3.764972461248387958e+01 1.588468979518552615e+01 3.877319440793884553e+01
2.926060144823942366e+01 4.227556341157408326e+01 2.623576311700094266e+01
1.431769073718025176e+01 1.860336153741311449e+01 7.966503033181306037e+00
5.049493259030036540e+00 2.133796875151561778e+01 2.875877644315072246e+01
7.864913727026642043e+00 2.397508585635821632e+01 1.472697160476519151e+01
3.891863699978610924e+01 1.247866612697351130e+01 4.480222962380978835e+00
1.759707175782278421e+00 2.910113228270651931e+01 3.737374980469412833e+01
2.795588046740519417e+01 1.146737654369418102e+01 3.684019925581646504e+01
1.480998476500159455e+01 8.889425277499821476e+00 3.098236726242049954e+01
4.034987276337080431e+01 3.344351801535074742e+01 1.582997165000064754e+01
2.520084856350084124e+01 3.149160222293243194e+01 1.574134096385367698e+01
1.196029835888719006e+01 1.930710554897331122e+01 1.161783841965573316e+01
3.156397470185855170e+01 1.644324937172225987e+01 4.173079369280350903e+01
6.561301036820211152e+00 4.157112803334488405e+01 1.283974666506333762e+01
5.230655694267886346e+00 3.678883559984999607e+01 2.021016746314746371e+00
1.308546727827987866e+01 3.052919467106023887e+01 1.824306000108657599e+01
7.778750246131440171e+00 9.880092368751745013e+00 1.578903296329831285e+01
9.625287245028244953e+00 3.876805178681941300e+01 3.534215665564337527e-01
5.345292209866181032e+00 3.709931856814296935e+01 2.844050932377692575e+01
4.955720009748447730e+00 2.318770656814192677e+01 2.135976455952256359e+01
1.408438749547273794e+01 2.186204112479912709e+01 4.132819060648733966e+01
3.792787411446933277e+01 2.545644974233233171e+01 4.200465463082871054e+01
6.716974124423213510e+00 1.339636500456001045e+01 1.980643377685530737e+01
2.382005747575906085e+01 2.386115096312966344e+01 3.595738582995941357e+01
2.603807306965715540e+01 3.309708654393499216e+01 6.963405358405149181e-01
2.876123100716105085e+01 2.345671623672893702e+01 1.016698013559487457e+01
3.440529897337025744e+01 1.389883011195801998e+01 1.191174511111328016e+01
1.981166815337474318e+01 2.738917489749408407e-01 3.040495471355222890e+01
1.901180835367036437e+01 2.698617666306298624e+00 2.115275797725722029e+01
4.043296412439993759e+01 3.678355235421341263e+01 8.104958996752980482e+00
1.914039161536181410e+01 3.495859130207173848e+01 2.334479884156245788e+01
2.679274220569498155e+01 3.005115311133520350e+01 4.151110451197747153e+01
1.185395724602258127e+01 2.876243500095883476e+01 4.012914354256842131e+01
2.542565791625829164e+01 2.286757912942143633e+01 2.345582389690315850e+01
1.243857189938763952e+01 8.816314132532079739e+00 5.338713696427650035e+00
2.637890891672705962e+01 1.211433622649632902e+01 1.128836057931845893e+01
2.701150049382230023e+01 7.033128031331845165e+00 2.029198902458729847e+01
7.246746060913179299e+00 1.962119638157143697e+01 6.690214992905742619e+00
6.238907721854166866e+00 2.729236859073901300e+01 2.139014723983307320e+01
5.500764070483091572e+00 3.122554263295710086e+01 1.207412029912282669e+01
2.770603038646735428e+01 2.081364709216027720e+01 3.348973206050424256e+00
2.693588813028111417e+01 1.117854679243712290e+01 3.481412899634416647e+01
2.089818428996092337e+01 7.667558120640729058e+00 3.770324060302951352e+01
1.197053698873113525e+01 1.328367413601302616e+01 5.324487846846094108e+00
6.014535362883444591e+00 4.228714964055649972e+01 3.337241574637339880e+01
9.291162631137524386e+00 3.943816947812974316e+00 1.780645839774723882e+01
3.985747697907164167e+01 9.383998564276691212e+00 3.491302471330455859e+01
8.315548142300530188e+00 3.839591750815490911e+01 1.634613287706047657e+01
3.584507370158290129e+00 2.193718042464027818e+01 4.153359984099153301e+00
4.063522789886795294e+01 1.083289894155107724e+01 4.092938924491293307e+01
3.331703864892392630e+01 2.996311448088522411e+01 4.041563282933240231e+01
1.470989656138266177e+01 2.609664381607012373e+01 2.324733597274012098e+01
3.859767956454063231e+00 1.997170009983477001e+01 4.500612098944491990e+00
6.467723915622918263e+00 1.275933290940866449e+01 3.719521626283999183e+01
3.547346841879547696e+01 4.143379147570256293e+01 1.836042400891951587e+01
3.299590256203658978e+00 3.803413541401332054e+01 1.274780764854615533e+01
3.012621652282009066e+01 7.466802586926971408e+00 3.640822682637222307e+00
3.366103664336708334e+01 1.589983927179779855e+01 3.189372066198067301e+01
3.507133188598163542e+01 3.103360137735304747e+01 3.288764976473544976e+01
3.893055441693966401e+01 3.348216660835620218e+01 3.947504298183586258e+01
9.851208286538053471e+00 2.150889379841070692e+01 3.998183892012401230e+01
4.765582923735676601e+00 7.357332362792716296e+00 2.750420959702594814e+01
6.522234136578248354e+00 7.394635446297984416e+00 3.192077696411155330e+01
2.916083052755880445e+01 5.177159458194878106e+00 3.679322174695783332e+01
2.958352116697582446e+01 1.947688601650550311e+01 5.141987009965776956e+00
2.577887106272858020e+01 3.560471191697529747e+01 3.892011834817512295e+01
4.100112111640471113e+01 6.960484581100085499e+00 1.090436455153067641e+01
3.887750053443160425e+01 3.434937660768451195e+01 2.866011349774134409e+00
4.212835259015030687e+01 4.146255935242664492e+01 9.861226085157749566e+00
1.150124569908528827e+01 1.525917855524137323e+01 2.402105334606815745e+01
4.000373581157577263e+01 9.784034856419706827e+00 3.053076345298290661e+01
1.719769403148871945e-01 2.914587049856224077e+00 5.404277678145486874e+00
2.137416301850344524e+01 4.002337248869068276e+01 9.475040159112802840e+00
1.989105927809329266e+00 2.377613260350162072e+00 3.698139672081992302e+01
3.565738140628613273e+00 1.344033856595611987e+01 2.417949843041499403e+00
3.452275384661655266e+01 2.419500240858474882e+01 2.611607272333007401e+01
2.821054152063054943e+01 1.101239668598359955e+01 1.163820255242323753e+01
5.523717167421350993e+00 2.640610456512310478e+01 2.484453554059217595e+01
3.260832939543590925e+01 1.723913215861069048e+01 2.689974303035054959e+01
3.474661189867500610e+01 3.227292086059239296e+01 6.568681838100512316e+00
1.950603942096499921e+01 1.056989637559639483e+00 3.820117248613376404e+01
3.567319886235715387e+01 3.925297795198043360e+01 7.992530781832477338e+00
3.468567674875917106e+01 2.911609350698019583e+01 4.132021566817502389e+01
1.579978366328721862e+01 8.188506432963711390e+00 2.071107534837641850e+01
1.394543831873049911e+01 3.520565646089078626e+01 1.445182784922222963e+00
1.558384276590762774e+01 1.695499307967352465e+01 1.767568880780431329e+01
2.081944482755865966e+00 3.110475601907929999e+01 3.926803352693426064e+01
3.251194579069783686e+01 3.416564214960600054e+01 3.515116612074564273e+01
5.293934914835586980e+00 2.633821296228007114e+01 3.834772902966381736e+01
3.679374760064416439e+00 1.024450721199614778e+00 2.529179181627300155e-01
4.062718749100510252e+01 2.750400796263568992e+01 1.055378517806240879e+01
2.289984275681344050e-01 1.199146205733381976e+01 1.450135431869486879e+01
4.107541116895162503e+01 1.587902626149902119e+01 3.716234655952767696e+01
3.044565403192728681e+01 4.196307514077756906e+01 2.674988903585295219e+01
7.867920456074140034e+00 1.579992395894647572e+01 1.834026385628203215e+01
2.193020402580700079e+01 4.019693988154950404e+01 1.033984586648187820e+00
2.632818709584471506e+01 3.507078154797591907e+01 3.953128952203567792e+01
2.079576648352751533e+01 4.230481062685107929e+00 3.407227765785719953e+01
1.810827770606287501e+01 2.706860520609750864e+01 3.071735972409431881e+01
3.717839754676000297e+01 3.899287036175769572e+01 2.465926105425142723e+01
1.928328628108784670e+01 2.022979303136772877e+00 3.652226899426098239e+00
8.450238600182863324e-01 1.396990948749247075e+01 3.091952819788881612e+01
2.338891525924128700e+01 2.003309614746483192e+01 5.136013494838291393e+00
7.517033525038797626e-01 7.150310374034907213e+00 3.224212542368553613e+01
3.637569780568585998e+01 2.526709574850905327e+01 2.425514188264305204e+01
8.810464370174907245e+00 1.367577555814822254e+01 3.987085844553429581e+01
9.632688048082115984e+00 3.807117665516685179e+01 8.481535082196655750e+00
3.907429262556347282e+01 2.999748737553351674e+01 2.546261622163265415e+01
2.140860259371352470e+01 2.336478574433984789e+01 3.535021398502701828e+01
2.234086247521976887e+01 1.803910448287518520e+01 2.443477473919359255e+01
3.448370551678412710e+01 2.307027616329686026e+01 9.694182066527478270e+00
1.345393847351673067e+01 3.439984769734569170e+01 2.370541429216409668e+01
4.156934825729308614e+01 2.289150502196999781e+00 3.189786409354723773e+01
2.114345812014087755e+01 2.882431317639201573e+00 1.546886048557344751e+01
2.246910203731965439e+01 1.327714189403805811e+01 3.053529437662447066e+01
6.415725266661923776e+00 1.726739520627124946e+01 1.675252045165476744e+01
3.313039672281217918e+01 1.874861862749932939e+01 2.524808872712749874e+01
2.505137477426847781e+01 1.225957569733452424e+01 1.623434502211555497e+01
3.377838931766683572e+01 6.072787075500527543e+00 3.483072090409118360e+00
5.628317340462364982e+00 6.425734129491887714e+00 6.638974250633518537e+00
3.426291729178667111e+01 2.263117367258523771e+01 1.604565098256090039e+01
4.596283250960413014e+00 3.006177786863338852e+01 3.301595064258147261e+01
1.783191726024212542e+01 2.142196399700383935e+01 2.179005567086293027e+01
1.169928402794325706e+01 2.967461584672554054e+00 2.371575837130653142e+01
7.163599849555060572e+00 3.861297511874406041e+01 4.616579873467057560e+00
4.092602504194722002e+01 4.040828052604370413e+01 1.603675441604758589e+01
2.027741750116890529e+01 3.968449259789114336e+01 5.451599058229641415e+00
3.736119648279234440e+01 2.685165951506056814e+01 1.714803877992283532e+01
3.910177560354087944e+01 2.057459797810255253e+01 2.426644880629951118e+01
2.140327411585867168e+01 3.101306038385783026e+01 3.090950345985895353e+01
1.991742647897996932e+01 1.414744757712286471e+01 3.339324456556050080e+01
3.947843611917156892e+01 4.961844953042806594e+00 3.197732891251327558e+01
1.446750853384296143e+01 2.531975341608600871e+01 1.348391716520211681e+01
3.693926291647628091e+01 1.280397706643680600e+01 7.129856425285530541e+00
4.467839949918861464e+00 1.891718812591433263e+01 4.227372881927801274e+01
3.548147162874584382e+01 2.731424855830780629e+01 4.065439969284039989e+01
3.011159985817772977e+01 3.815386628845675432e+01 3.912985016970166186e+01
4.201912079721197557e+01 1.653579065198012898e+01 1.709525853183388833e+01
2.314933159223648218e+01 1.284646407851097827e+01 2.486962348560372149e+01
3.435726634340657171e+01 2.588651937818332982e+01 3.288099031435616126e+01
4.962364180336037656e+00 2.632568754675492073e+01 1.679950942361739408e+01
3.726793382281950784e+01 9.791520366185993751e+00 8.882260848965671585e+00
2.465354260441319667e+01 3.559139066205356983e+01 2.986443292515458126e+01
4.176071062573812043e+01 3.520950105485594861e+01 5.912070132079247919e+00
1.347991666551270384e+01 3.318244559219374423e+01 8.666314714296309285e-01
3.849940541512977177e+01 6.331308879665902722e+00 1.387336110035465708e+01
2.970023814307628029e+01 3.921640672788763737e+01 3.025734289953874878e+01
3.492042272773319578e+00 3.671774731570318551e+01 3.384427411110714701e+01
3.236587621536231296e+01 1.147562655704623680e+01 1.236689201875717181e+01
1.750802193788837968e+01 7.495622725303459966e+00 1.400703165138042117e+01
2.579462034423343297e+01 3.556508772816146546e+01 8.462601115131889173e+00
1.489068634982668726e+01 4.197492716403839097e+01 4.372091638618429421e+00
2.538541322611211015e+00 2.962215284067957555e+01 1.490061083007688225e+01
3.215089401061496943e+01 8.231070706971927109e+00 1.133830181644390578e+01
3.301377807422559041e+00 2.226180047236535131e+01 2.344106837061345061e+01
1.052971869069095767e+01 3.340996996268016517e+01 1.220183106460067535e+01
3.470361267346059098e+00 4.745661365309606694e+00 3.832850717551158937e+01
2.123338408885412676e+01 3.862625296209609616e+01 1.574422089099748234e+01
1.708514550838538071e+01 1.739263651805217492e+01 3.272405444915028028e+01
2.890332661880504972e+01 2.642554144911148484e+01 1.669913495522981517e+00
2.021775631967519971e+01 3.430490906326778600e+01 1.990935266634475198e+01
3.338378891722246333e+00 2.919480134966250162e+01 2.707668074930752411e+01
2.241468833500862345e+01 1.805744488533137826e+01 2.470242192620380450e+01
7.346742621340629498e+00 9.225998549695493267e+00 3.744955497309896231e+01
1.558894580233622662e+01 2.908725944286929632e+01 3.516718012337024390e+01
3.852603305903409137e+01 5.871997706309373122e+00 1.643005320531153757e+01
1.912145520547318611e+01 3.993534050648987943e+01 3.002393006451931257e+01
1.451996133250229803e+01 2.661525417887704847e+01 5.790989239477278616e+00
1.084943984623727253e+01 1.322388792592694173e+01 4.001613764896279690e+01
2.163115028091737813e+01 3.257803064764743795e+01 2.824594933648964812e+01
1.145825557039326981e+00 2.301187537460038612e+01 2.517902856673304601e+00
3.396756358397755360e+00 4.220140991914707485e+01 5.233989203163877946e+00
1.730107867366298180e+01 2.365282657722624293e+01 2.088893723485093545e+01
2.693298417024096025e+01 1.293813272866122688e+01 2.143140546104576671e+01
3.019035822023587201e+01 2.009935499118225621e+01 3.281805190588672616e+01
3.066322452760907069e+01 4.968989086328942761e+00 2.717811197813225021e+01
4.053415849435788232e+01 3.865820583158902934e+01 7.341819412522962551e+00
1.973291700217554734e+01 2.916312748236013519e+01 3.235924306651766358e+01
1.190096917089143957e+01 9.391943955660453369e+00 1.738424486664629853e+01
3.515791307636730423e+00 1.761675122789579007e+01 2.391522577225963531e+01
3.446071234777907222e+01 3.004112387552615715e+01 2.019682239422010994e+01
3.641476251455858915e+01 3.029541447236389473e+01 1.484138571653333294e+01
1.479589515820630119e+01 9.040650307348224501e+00 4.443864109234617388e+00
3.644456265356733837e+00 2.582893047930772923e+01 4.144078120473460025e+00
3.902441369253785552e+01 2.482121753469777303e+01 4.373675419849663570e-01
2.399157726228940390e+01 1.662402117957216774e+01 1.011105344364084324e+01
1.180383768142253409e+01 3.964582103352589115e+01 2.430899254935714637e+01
8.165950106843297363e+00 3.971600586398120214e+01 1.041668873533446416e+01
2.569909856945328386e+01 1.648815490033871001e+01 5.231284074628177905e+00
1.674878585791554997e+01 4.148473721192531549e+00 9.552529924045515486e+00
8.630721922341246355e+00 1.587239021177891196e+01 5.636783599278361478e+00
1.326565192592348907e+01 3.053239854135848930e+01 2.034398472286352089e+01
2.455195310419408017e+01 2.114120965927227402e+01 2.144638591077205092e+01
4.928123002304156230e+00 8.291002446590519881e+00 2.720965476244627013e+01
1.544779925510966478e+01 1.722930737397671308e+01 2.547313817085433030e+01
2.205316506493358020e+01 2.851403914056102451e+01 1.545066529333647942e+01
2.979869830872211978e+01 3.196563003531311153e+01 1.573897271025811584e+01
3.004188709384103362e+01 1.677542394757798050e+01 2.714964318685549927e+01
1.597965740704199078e+01 6.715658722363631483e+00 1.814198408498419823e+01
2.845197945844408594e+01 3.713484983768139358e+01 1.620997842236242903e+01
4.809975802032668390e+00 1.599375635008769514e+01 3.083291423683088439e+01
3.425104111858745881e+01 6.938982032762079477e+00 3.626567544037158797e+01
3.245478352520512999e+01 2.008281099810266568e+01 1.615787638259063996e+01
2.802823710690817194e+01 1.729111690055073680e+01 3.816704259433997493e+01
1.074825618550678996e+01 1.705909781259788360e+01 3.280978478805521092e+01
1.214538271982080531e+01 3.975426407866279277e+01 4.826672610365860372e+00
2.464726266245795117e+01 2.399926966087106450e+01 2.462643478205138692e+01
2.627413827372500776e+01 2.491485543873688613e+01 2.685036781237230219e+00
1.931083343925494589e+01 2.256487363574728988e+01 1.508404084913381560e+01
1.184962941027562344e+01 1.234450438532033623e+01 4.610974653378306920e-01
3.574185130812700617e+00 2.038100012888565971e+01 1.703094114865091768e+01
7.192298481439677538e+00 1.385950419868184191e+01 1.879306590728580639e+00
4.078246191010973831e+01 4.046694273095016570e+01 2.599925959286186838e+01
3.888476891604919672e+01 3.531915090055344564e+01 2.274286231957953675e+01
4.206321359097403700e+01 3.993956188074287539e+00 3.614394946572568301e+01
3.335192955829852934e+01 4.851371137114130483e-01 1.242681136907386374e+01
1.685317479394091578e+01 1.396353413137560828e+01 1.844536829890159524e+01
2.892319877127369310e+01 1.657892103858361210e+01 7.230173012217323558e-01
4.029502566184986989e+01 3.547451126320949299e+01 3.248827648089020670e+01
3.557257447023192753e+01 3.449911217979531841e+01 3.342540090704527955e+01
3.075356354805436254e+01 2.003717514850055892e+01 2.284989910620715392e+01
4.822072991510947482e+00 8.375659756836306258e+00 3.436839486068093663e+01
2.061741453897782961e+01 3.473040378713325538e+01 2.104159095794490497e+01
1.358128327329201568e+01 1.911551715698480081e+01 3.566791389050988670e+01
7.715408867378549473e+00 1.115584225110190708e+01 3.084317991042075491e+01
1.111406986049559009e+01 3.718085311606553489e+01 5.744962925642038698e+00
1.131875203731976365e+00 2.978167225887749936e+01 1.427727429618627397e+01
1.666819406561998917e+01 6.812067329374174918e+00 2.839103140055191155e+00
7.598225274037097243e+00 3.599491994780697723e+01 2.786543861977867564e+01
2.275989167992209872e+01 3.157503315367992514e+01 8.337972685998391142e+00
1.041580026755527744e+00 3.330258742943740202e+01 3.877618702248754090e+01
4.164789952930726002e+01 1.609461631970102857e+01 3.045780052148032269e+01
2.098552965092241251e+01 2.590800348155804755e+01 2.236131974882456674e+01
1.921530009795074889e+01 1.400553139439446504e+01 1.966144414368719895e+00
2.554517785791479056e+01 4.039444457525100773e+01 5.298567110758568788e+00
1.827187192677913075e+01 3.957814797815445473e+01 2.813223410189140949e+01
3.138355057768515621e+01 3.779527562858467604e+01 2.155463784257594639e+01
2.274931548417373861e+01 1.078630602757258750e+01 3.323579651973920335e+01
4.051087923009791325e+01 2.714705743077673361e+01 2.301709436024659894e+01
1.041631808571968421e+01 1.818407078239119912e+01 2.022242163296422746e+01
2.493537697699299471e+01 1.982328269270522858e+00 4.073021257657506444e-01
3.245179739689121590e+01 3.110565160858208333e+00 1.111208211008368352e+01
3.438710885825221908e+01 2.932196182611287227e+00 1.033675757446904209e+00
2.171409209569441501e+01 7.909694462041522378e+00 2.276238291162554006e+01
2.712421897931874071e+01 3.666194785315437343e+01 2.547686030493481368e+01
2.825071717151103456e+01 7.090361264254628537e+00 1.791974620264009843e+01
8.546351032764034628e+00 2.658406759170076583e+01 1.881563845699630377e+01
9.247925216343661603e+00 4.507536038326461769e-01 3.497049555534835097e+00
1.665718844083656336e+01 6.357049171091245121e+00 1.971752927812329048e+01
2.430186829487088929e+01 2.943190476884898032e+01 1.275181118265190960e+01
3.666729168791218996e+01 4.064592226741183367e+01 2.938931433681989347e+01
3.284462628116758509e+01 3.250161238206120373e+01 2.464517216897004204e+00
2.097901025576386136e+00 3.960720212660805828e+01 2.599849620579139398e+01
1.788117740981470760e+01 7.846691932400535308e+00 2.631376807319225009e+01
2.707511432312746935e-01 4.268186824045347549e+00 9.609338943784608844e+00
2.163709895765976654e+01 1.459000701194758953e+01 8.495795904348797833e+00
1.688256355179518309e+01 3.941004148227477089e+01 1.474053763234122982e+01
2.291893950927906332e+01 1.403035604478691134e+01 1.029053146658411161e-01
1.833554592943827899e+01 3.893325336011535143e+01 3.959094951996753764e+01
1.013117385189103281e+01 1.923435352337062909e+01 7.659240452750528227e+00
2.606137542007860475e+01 6.046971019036959660e+00 3.550551771377109844e+01
1.931400218407030422e+01 3.640950691792224347e+01 3.072742475710290577e-01
2.670880815597848468e+01 4.986379326232871279e+00 1.577207009153778472e+01
4.107053267343874836e+01 4.015513688033497175e+01 3.652348367992264144e+01
1.174309750103155814e+01 2.708136844958977818e+01 2.522487172900425278e+01
6.116968562911083929e+00 2.298185235527354564e+01 1.148627282252473236e+01
1.469953400501448293e+01 3.742305405125378570e+01 2.826275723804143603e+00
3.453185186829902165e+01 2.189048347958937057e+01 3.703786025770737123e+00
4.159747410670507151e+01 1.978081736757291154e+01 7.725124827282074946e+00
6.442380496153059966e+00 2.246208362063884323e+01 2.110082592899359000e+01
3.301436881871328666e+01 2.235384618829090897e+01 6.852367142091641661e+00
2.274109580669321318e+01 3.796654533582092483e+01 1.464738270937013453e+01
3.293131045051370109e-01 1.848806170403598514e+01 2.267262714150016123e+01
2.636025524117653873e+01 3.557780334789563170e+01 3.363870687643987001e+00
5.850295843556477138e+00 1.891396041861592181e+01 2.005862108620080875e+01
6.297542473296948273e+00 3.366411045894432874e+01 2.999114952840049142e+01
1.654724276832396868e+01 1.659316501970025115e+01 6.483956800807963106e+00
1.370727734272366938e+01 1.830960908580046009e+01 1.078108351043782553e+00
3.766439618341178175e+01 3.973693799594969533e+01 2.145971800379782124e+01
2.303512248648310390e+01 1.438667493812061515e+01 2.606875051641251773e+01
3.792466471670407202e+01 1.258017664464967389e+01 3.479078157120225967e+01
4.134236096551387463e-01 1.848337850124942960e+01 1.948885693768613869e-01
1.883219615644804534e+01 1.549358173066108790e+01 3.328717393993691331e+01
1.286409668935237249e+01 2.184294478020504826e+01 1.362387312706954035e+01
9.346149844973412613e+00 3.368696676603546081e+01 3.270694710072368139e+01
3.006316825628901412e+01 1.728778869032561616e+01 3.171855310406357376e+01
1.273421081548899103e+01 3.852120382393766818e+01 7.723491947928363688e-01
3.923254436541883905e+01 2.027807671142918977e+01 2.324155504346248335e+01
2.614614653855885607e+01 1.952240976722366739e+01 4.081820632126865434e+01
3.303118350312782070e+01 1.924212155711926187e+01 7.121254721191983883e+00
3.709357912521850409e+01 3.092584639391342538e+00 1.944073293172129624e+01
8.702877577165878620e+00 2.821808208727021139e+01 2.278015005288045813e+01
3.740142781901703728e+01 3.369211738695219083e+01 8.253826381983731864e+00
2.611645073182187815e+01 3.940706191412599679e+01 6.101244272766789045e+00
3.892490646497461881e+01 1.774983903398256047e+01 3.284230250945746121e+01
2.355021776789111954e+01 4.032257152576856640e+01 4.898171082916090491e+00
1.474470091006217309e+01 2.959350264260798369e+01 3.923116842942333449e+01
4.721226158926135064e+00 3.372854048792628845e+01 1.433019214050596624e+01
2.537262908334565381e+01 3.756870963306343514e-01 2.998798977177833436e+01
1.101143929557931855e+01 2.214379903285935924e+01 3.839288723471657505e+00
2.648205828986310451e+01 3.891931092730807507e+01 6.180516334403447054e+00
3.444193245812282100e+01 1.585704527373444606e+01 2.401975028070085827e+01
2.793740369362942033e+01 3.734548003469418287e+00 3.625082298571866346e+01
2.601447200126868609e+01 3.104566687960776949e+00 1.041358367757994863e+01
2.220052807609589607e+01 1.403349563424241708e+01 2.572990461696545239e+01
1.867434008496883635e+01 3.371528032368114225e+01 4.003977370756949483e+01
2.738073221712051364e+01 4.009181844672527006e+01 1.908084686692246024e+01
8.148700264823085959e+00 2.236209882093201884e+01 6.278035329940290232e+00
2.408427815474786016e+00 4.002637880101497103e+01 3.963300377559228149e+00
1.249207983142774836e+01 1.526649101211064163e+01 2.929701347747340634e+01
2.432451669509564152e+00 1.511779739088980534e+01 9.036896463810766278e+00
4.081947710184184075e+01 3.251606257456384430e+00 3.680926205179950728e+01
3.237694989851457450e+01 1.087777693829288950e+01 2.087631839299061554e+01
1.403603967632044736e+01 8.456968710688355095e-01 2.093774634286030434e+01
1.789699474551817460e+01 3.629132933009563544e+01 1.802243357922809963e+01
2.105775225057848488e+01 3.383869365872062929e+01 1.674237802046718215e+01
4.172542841330852070e+00 3.802016797937091752e+01 2.734425293857163197e+01
2.453385279433431876e+01 3.026945159509483574e+01 2.738013834350074305e+01
2.894847959805507642e+01 4.524676204739832563e+00 2.574094057646338740e+01
3.785304529999706347e+01 4.204122983981401518e+01 5.334499448173669833e+00
1.453820326055546097e+01 1.876889309245802906e+01 1.716840834938435734e+01
4.606124520628385177e+00 2.744916554966941646e+01 1.614243026410104065e+01
3.523000462095557594e+01 4.624123593163075085e+00 2.436775972691927450e+01
2.964889922965794788e+00 1.135450425370182037e+00 3.076027307865410521e+01
1.097963768616789437e+01 2.942062010699754993e+01 6.163215731997605529e-01
1.406660279864075846e+01 1.913705505644173854e+00 3.150645567057302543e+01
1.144546279764990260e+01 7.885430606891983274e+00 1.382800347094414661e+01
3.625009014271390129e+01 3.890216449385263786e+01 2.177730044495712036e+01
1.893392770470487108e+01 1.606570263918650454e+01 1.779600183903162325e+00
2.581420061727906301e+01 3.222397918113346549e+01 1.638026409491983060e+01
6.222599852770655637e+00 6.838922420989828943e+00 3.216789501625743952e+01
2.509050080289069840e+01 2.880525052931600882e+01 4.110693049911058949e+01
2.867146406968688055e+01 2.722433689995010297e+01 1.704295440200531786e+01
2.980631398606375981e+01 4.065754257079311174e+01 3.442445329310081803e+01
3.059030912642544209e+01 3.300662572573143905e+01 3.838449773887518290e+01
3.651188336838886528e+01 3.718392888277646335e+01 3.493904244850188689e+01
1.067386137735524088e+01 1.094442536873232719e+01 2.758640330638190008e+01
2.038773584692812335e+01 5.208762969345380967e+00 3.723334469264857205e+01
1.459383009912381901e+01 3.042269909170986253e+01 3.153772228829014779e+01
1.614472624335272499e+01 7.650144980410352069e+00 8.212417771769310093e+00
3.974895704719011746e+01 4.231484710830219598e+01 2.668105421326540849e+01
4.194669423256389962e+01 1.475485139399649093e+01 8.378377653703921624e+00
2.782848824777783037e+01 3.925997808053609361e+01 1.259120589898629383e+01
2.688512719474926982e+01 2.528736011524737393e+01 3.505808515117929147e+01
2.672426223339597939e+01 3.882899290952784099e+01 2.475677038387457074e+01
2.791772016890713815e+01 1.830439341949044163e+01 3.413534454519368211e+01
4.072627940454618312e+01 1.461129820607127883e+01 2.473273172338110371e+01
2.862221796447657951e+01 4.684459803322583049e+00 3.331007574172497954e+01
9.205682470499683134e+00 3.596687249973261835e+00 7.132945779603051761e+00
3.476278673528873497e+01 6.233286002240826740e+00 8.195780719086086519e-01
3.376241093790380177e+00 1.036803615746477547e+01 1.235307551718203634e+01
4.030951524125611485e+01 3.627895715179560909e+01 3.678178408858149595e+01
2.254604954879094691e+01 5.491152627044034951e+00 2.712882362030853045e+01
1.544452680369873576e+01 1.724330191746699370e+01 1.386203008375581902e+01
9.256282460852251148e+00 4.135315781035762228e+01 3.150384682047803153e+01
2.489452081694156149e+01 1.821432061615756126e+01 3.813212135196812369e+01
6.226066210980725657e+00 4.024673202626517110e+01 3.998823879467294518e+01
4.022317830236011105e+01 2.302032119210851135e+01 2.345139696159022691e+01
8.936942077509417715e+00 2.092724068899745404e+01 2.408068759253457713e+01
1.881164181225282661e+01 1.857026530709458711e+01 1.651273608404431670e+01
1.348961787202158646e+01 2.901403114694418051e+01 1.889171373085322614e+01
1.225503688254610957e+01 3.001441616945572832e+01 4.633598254872173250e+00
1.768266588226501956e-01 1.696656793842310051e+01 2.998482951522613504e+01
3.122183107256682533e+01 2.828793645033434778e+00 9.717950921851274515e+00
3.163567076305991677e+01 6.992826780146494947e+00 5.497370938531715545e+00
2.094355037909585349e+01 2.253061073903277389e+01 4.187687486856545860e+01
1.683106560931518558e+01 3.220176550839750718e+01 3.223910284442850838e+01
2.828368061136918143e+01 1.465547047396526459e+01 1.149089825184922375e+01
4.153578382499249955e+01 1.415474980140138506e+01 1.396093261996643342e+01
5.602125958584508680e+00 1.659378975740364481e+01 1.776242240823022911e+01
3.991228297517238843e+01 8.057815560168149815e+00 3.204649752888111891e+01
5.498386685689649056e+00 2.401721168791603134e+01 1.812149230557195523e+01
4.140713811927395227e+01 4.201680214198595564e+01 1.429841861833742378e+01
1.214004169292877577e+01 3.376359587939739448e+00 4.330017395378740197e+00
3.031821034314327079e+01 2.478932130950466473e+01 2.420530190209094812e+01
1.931558667749927949e+01 6.186857913174844015e+00 1.506859002436295558e+00
3.122081213385047249e+01 9.630788624154041244e+00 3.013591928355739569e+01
3.322078499872945656e+01 5.112895109335990895e+00 6.113980277667234731e+00
8.182287792664584281e-01 3.051559933631445531e+01 1.910126022352745068e+01
3.288557567752366140e+01 1.204188312218894730e+01 4.045419834990846653e+01
3.740868211762008855e+01 2.907734593827907776e+00 3.721762377322791338e+01
2.358269664213105443e+01 2.264594444307829413e+00 2.641369514917613515e+01
7.018859989211029271e-01 3.302080804349178322e+01 7.234329116306851049e+00
1.562213409248596818e+01 3.472726617074867050e+01 2.297872015681936020e+01
4.116348253433830706e+01 2.968675994486124381e+01 2.278256076822889220e+00
1.622718558265862088e+00 1.111570131979572729e+01 1.246508667613864674e+01
2.596619926023159408e+01 3.861255176952888490e+01 1.419939590558365339e+01
3.906400651422610615e+00 9.201488000248655652e+00 2.612674574315244058e+01
2.645659533225198601e+01 1.784510456914638965e+01 2.149967668355827399e+01
3.178133825949055691e+01 2.425990376936214687e+01 1.966665044545707897e+00
1.571375724609128888e+01 1.697496056302707146e+01 2.045838460565798300e+01
2.715020075242035702e+01 1.328584443344399979e+01 1.473764849685991685e+01
1.026570349443776919e+01 2.344075584593638517e+00 3.295139434980391968e+01
1.970909118041304353e+01 3.098589192594405617e+01 2.173863920728931021e+01
1.925028548413814633e+01 2.133876230554279729e+01 2.995772412669870377e+01
2.301762692307976199e-01 3.557020644779413487e+01 3.447800009987579273e+01
3.822114059802662211e+01 2.990741769956732554e+01 3.770392097005541387e+01
2.405037541011326141e+01 4.054063172073024646e+01 5.393256618559660875e-02
1.027187561779064673e+01 2.000456761890927915e+00 3.127028232550541986e+01
1.609489439232960706e+01 2.870286002043470575e+01 1.558451464318670077e+01
2.906826987166501297e+01 2.670353521945702724e+01 1.736293922995698580e+01
9.087952191558955617e-01 3.712138388807822054e+01 1.595787090077921455e+01
3.022643078915557879e+01 4.205070318686477293e+01 1.910288337368283296e+00
3.407804339503583435e+01 2.167388115375083402e+01 3.426255291842762318e+01
1.517227053828384697e+01 2.884487284559472187e+01 3.044367836364257585e+01
1.252784443710178230e+01 3.673202784743719462e+01 1.684647298668267723e+01
1.182734025789517851e+01 3.372974783581727642e+00 2.930180013737490796e+01
2.102871005801265902e-01 3.289259908471429839e+01 3.763761114010532793e+01
3.251793973538020310e+01 3.976924756879427747e+01 3.512303444123035234e+01
3.731837873399459227e+01 1.349314361901119419e+01 1.870807389499061912e+01
3.740393388195169422e+01 1.844538272647878330e+01 2.569181338485661659e+00
3.325116049372740434e+01 7.562549478653111557e+00 1.585015541240424142e+01
1.137674519211443425e+01 2.879922334284320229e+01 3.565156034557836140e+00
1.658113320327386830e+01 2.487651945284835264e+01 3.208482307197810002e+01
1.044711042066154860e+01 1.694389162530845994e+01 2.493186822096541633e+00
2.528021541689662310e-01 2.781036234047931188e+01 1.631877066898639939e+01
1.642531721786775023e+01 2.526261529750989965e+01 1.578141472303189730e+01
3.272051567116164961e+01 7.151418770083062704e+00 2.922413433135245242e+01
3.731441533860942883e+01 1.130985301931297293e+01 2.154199117215453896e+01
1.971097069501433197e+01 3.060392192857012716e+01 1.457628793546188994e+01
3.429964494575015266e+01 3.036529669581724633e+01 1.498612404040026291e+01
2.600013755115775638e+01 1.746904768752401438e+01 3.511356197182079342e+01
3.869247499617642916e+01 1.834928207031829217e+01 5.814792631281782143e+00
1.455425866471323992e+01 2.505029707011395246e+01 3.278567610347486294e+01
4.152659625907429586e+01 2.239839591928063811e+01 2.286804647009513758e+01
1.986793568724529990e+01 2.492716565696513698e+01 2.539307977570527797e+01
1.176241304368736529e+01 3.278081065159281593e+01 6.967153595225384910e-01
2.627166235200764177e+01 2.146925088936312420e+01 8.477665869585086611e+00
3.367699481890368052e+00 2.844108482194114274e+01 2.525571181179840252e+01
4.035934471447546201e+01 1.969722951434661340e+01 1.414787418156170418e+01
1.946437032231954412e+00 1.166325384594692061e+01 2.625148928705406348e+01
8.677858043166587265e+00 3.118980283408563281e+01 2.252006594137516249e+00
4.186141228727885633e+00 2.327965949787780886e+01 1.074586792934456270e+01
3.355750502417377845e+01 1.673291748796663114e+01 1.367464226577283526e+01
3.720745449276272865e+01 4.049115955171460968e+01 3.634816856842611088e+01
6.124433585943927838e+00 4.166281897897399489e+01 1.847543447430324548e+01
3.707161220949644509e+00 3.055609092182301012e+01 3.241048965382342661e+00
2.899407381043187470e+01 8.040054039198251346e+00 3.283879905960857215e+00
1.886885721508874880e+01 8.351214784927746493e+00 1.726685192637181032e+01
1.880453686343487618e+01 3.841829195632770677e+01 1.187651855705579784e+01
2.877878004820846769e+01 2.547136814124243998e+01 4.403514621058294942e+00
1.835072917311513052e+01 3.612122299447789686e+01 4.200369652936745979e+01
1.114855415730004323e-01 3.432957415870529871e+01 4.023814132557279066e+01
4.054756005469133129e+01 3.227099306709197979e+00 1.469287878084990595e+01
1.104114625528088034e+01 9.276514921145409431e+00 8.434819950629249163e+00
1.526677468109143199e+01 9.105947025244327975e+00 1.192500924533486995e+01
2.863787726869457373e+00 2.404382671897595358e+01 1.556878621917115346e+01
1.276379484080413640e+01 3.264385171756230442e+00 4.157717141555005824e+00
1.770993791637263470e+01 3.859421206652331904e+01 1.428122836715638933e+01
2.808893701413062516e+01 1.467533356008772394e+01 3.032071791651894088e+01
1.253487927031764926e+01 5.296002314741331318e+00 2.848890881538602216e+01
2.012881558178035490e+01 2.230884549673590911e+01 1.631609885394630810e+00
1.434625130607314425e+01 3.302760204329315741e+01 2.300557070628713419e+01
1.561822526650558096e+01 9.721804109022489371e+00 9.571691264011102263e+00
1.117277990465435344e+01 2.775529796901641433e+01 2.898109214999548300e+01
3.860277103062217918e+01 1.246040548465574460e+01 1.873844228979301363e+01
1.963833496751384189e+01 2.153433300320082822e+01 2.020557545790881093e+01
1.351257882708010882e+01 3.514763368411225741e+01 1.172010509614387352e+01
9.772914644116539762e+00 3.362376133058486971e+01 1.510498482466151238e+01
3.663298347154151924e-01 2.668957172936441680e+01 3.151491770530542968e+00
1.577385249252326815e+00 2.635640012419909795e+01 8.054477581172784895e+00
8.748404918915982265e+00 9.660717500348569686e+00 3.383197410712346453e+01
2.670826593672305016e+00 3.839948105684904078e+00 4.185351403871492693e+01
3.416033426501940795e+01 2.391265869844629677e+01 1.377675338620951706e+01
3.627576479829939249e-01 3.687788752084208710e+01 3.155858227666662685e+01
4.049636392798446138e+01 1.410049183127359207e+01 2.446393511016424327e+01
3.181912243983207489e+01 3.339470207141410896e+01 2.278597425075967919e+01
1.256695493324395052e+01 3.686080666542673612e+01 1.865415531002455296e+01
3.787054573879538921e+00 2.506752092358155437e+01 3.919356378082907355e+01
3.050401313458909414e+01 2.994907171231854903e+01 1.128071939551825231e+01
2.575576148298928558e+01 1.714969876558884820e+01 2.130316071701470548e+01
3.536523353027153860e+01 4.386928904904681126e+00 3.889990161980368555e+01
3.488745853153222498e+01 2.184312445629701571e+01 3.668874589889909288e+01
2.417991844367234222e+01 4.158218210357827616e+01 1.064294103892374110e+01
1.499339807482092279e+00 1.491422251664486787e+01 1.029226362506627979e+01
2.967664522051934739e+01 4.154016760395786179e+01 2.211613671042569340e+00
1.159042932517589364e+01 1.946790275380385538e+01 2.055462234177790393e+01
1.868477789910832598e+01 1.449863271654520780e+01 4.175807118266055085e+01
3.546004828941980769e+00 3.562758568222495370e+01 4.870117568819750886e+00
3.375841597023948282e+01 6.708965117973269443e+00 9.566778385174696808e+00
4.088520869691809878e+01 2.524555645517642333e+01 4.959693217659260078e+00
1.124051207556465215e+01 1.279976252269794657e+01 2.452197563424554616e+01
2.740493314629713240e+01 2.243505808287247660e+01 3.040131942856833547e+01
6.414766442461728779e+00 3.847872960333452852e+01 3.604881350191799783e+01
3.019812382259883066e+01 2.172274161970579698e+01 2.489891846464791314e+01
1.075156020960582914e+01 2.727550990824214239e+01 3.600481206411284774e+01
3.897508672593645684e+01 1.629251720128617720e+01 2.065493625186817894e+01
3.344806571561859698e+01 4.187105789660793675e+01 2.641276694269579295e+01
1.557743733694320198e+01 2.551956710028328246e+01 8.846596155891928603e+00
3.411153086887191677e+01 3.234740986808798624e+01 2.291082450619468958e+01
3.792910625556550741e+01 9.355728794737210308e-01 2.852487707914033166e+01
3.638055335345280028e+00 4.227133709025235220e+01 3.684992341762332924e+00
5.008219339408242377e+00 3.075725125433698182e+01 2.024282570134764470e+01
3.641921129245297095e+01 2.566328691366079084e+01 1.202829287378856371e+01
2.787948318755041299e+01 3.398833405020666731e+01 2.860439434591341978e+01
1.749558690081954637e+01 2.645557814070376068e+01 3.243054742814369007e+01
4.103073067991914513e+01 2.120546887298842975e+01 2.873060171607421509e+01
3.129216237684750368e+01 2.411214634549807556e+01 7.074450408813966362e+00
6.727199473365595317e+00 1.631451246151180001e+01 2.948847650309916446e+01
1.903686598349437986e+01 4.932809843931537763e+00 1.634651206967233961e+01
2.089516481006085868e+01 4.157050891761766565e+01 2.092349673625102824e+01
3.331625246736427925e+01 2.696132043766408160e+01 1.667836104566913491e+01
1.242478229640821219e+01 3.624580723331919074e+01 4.184640086779785406e+01
2.249219206496150036e+01 9.602642590932216393e+00 3.413679868896036851e+01
2.805140532895254424e+01 3.326584047942572653e+01 3.740043991120098354e+01
1.336735652053493650e+00 1.268859211829756362e+01 3.456920301821507224e-01
1.215198332265461367e+00 1.529458591205827389e+01 2.735384185130087786e+01
3.838422790965285003e+01 3.143907613995801853e+01 1.940696456648846890e+01
2.546387684442884591e+01 1.204786588447799289e+01 2.707866186945931020e+01
1.884482685038957328e+01 4.188890112589480452e+01 3.455247928487350517e+00
3.589155223713669329e+01 3.335533200228903183e+01 1.195661145098808298e+01
2.331991443312052770e+00 2.165923973675892000e+01 2.366316319087162867e+01
3.661700355648136451e+01 2.348151842652802301e+01 3.061980335726657643e+01
4.166938139548848596e+01 1.788617184660543202e+01 3.664583996505956520e+01
2.601770704496446740e+01 1.430553371035493093e+01 7.888702845832870736e+00
2.015180943904257838e+00 3.103246489089557514e+01 4.171204560636240899e+01
2.698500913683889380e+01 1.086516863236995611e+01 6.224796172988474652e+00
2.013377216434467343e+01 1.662810662259116556e-01 3.582132482172052157e+00
1.341573179994712461e+01 3.328609614029185337e+01 2.104298436641044034e+01
4.721806902465682576e+00 9.895791767195721844e-02 5.220101778861677033e+00
5.626315017218128212e+00 3.244373850281397864e+01 1.601302480440247678e+01
9.952754900406096672e-01 1.970259400551685047e+01 2.929762733368125094e+00
2.264987975575429857e+01 2.081179224889569923e+01 1.732209638726587286e+01
2.533674548346546374e+00 2.623487710425477459e+01 3.216581752587104859e+01
1.159924220328447753e+01 3.297288834578764494e+01 4.126605175611409493e+01
3.842699716791984343e+01 2.495153029622409235e+01 2.182377738782651733e+01
2.000311754397009167e+01 3.535635133165456079e+00 9.927264451961963942e+00
1.972743936309386115e+01 2.826343430997360073e+01 1.980310125367136109e+01
9.921216135856816720e+00 1.205063727949632124e+01 1.571537338222225877e+01
4.062273497647873199e+01 4.074463615486741475e+01 1.527230098708455941e+00
3.444685194133028983e+00 2.972859665779852989e+01 1.309547352461754954e+01
4.078435231612383660e+01 1.355916850748025482e+01 3.696251379659474168e+01
1.518114391886540204e+01 3.519128470903410744e+01 2.816676622055124213e+01
3.046896775789275580e+01 1.702797761027947843e+01 2.613458796534161266e+01
2.706602074544282033e+01 2.202212164245111481e+01 1.020718360349799880e+01
1.631607567911724743e+01 3.142059968229066413e+01 4.253106247564403475e+00
3.334186078214462867e+01 2.893482951775966328e+01 1.896301427839299691e+01
3.757609062056972959e+01 6.272130447862168445e+00 4.145885318883129145e+01
6.783571221285927599e+00 3.415728553020404945e+01 2.207125220048024516e+01
2.751976056946437410e+01 7.093433621738066464e+00 1.288386789934105359e+01
4.175484906582843081e+01 8.810095694687385404e+00 3.955275495180644185e+01
3.055341463749333286e+01 3.074610924078985619e+01 1.516820632160246873e+01
1.646599749587527128e+01 3.525835445645737565e+01 4.029652013792762233e+01
1.348029916210664503e+01 1.803938599877905347e+01 2.733164756002799223e+01
7.804955322236959425e-01 6.770631050406477058e+00 3.186874468910539804e+01
2.594500423611026818e+01 3.912202677309411314e+01 2.689089408543612336e+01
3.982018896280565201e+01 5.843572088604901182e+00 4.892659325279325344e+00
1.776853860460641954e+01 3.451019983646899902e+01 5.789619224763214334e+00
4.128208076646149749e+01 5.110826015614903461e+00 6.547230441386769684e+00
3.968345989520695127e+01 4.146127371313572496e+01 2.160126462112426182e+01
1.856724706725639251e+01 7.708997417259737972e+00 1.018884099584930603e+01
3.232338486438265335e+01 3.519718971529223950e+01 2.949791997972198132e+01
2.767190800049255017e+01 2.480742148468543462e+01 3.551637672649530941e+01
3.588823886970452293e+01 7.671533399571887735e+00 2.058902448957573839e+01
2.575474755649750236e+01 1.301749409100252031e+01 4.041405743169569575e+01
1.783090614088359338e+00 1.598931046284522139e+01 4.057817529074233676e+01
3.592831678433489273e+00 3.397527918454507301e+01 1.780252625316449411e+01
1.940422528498608301e+01 4.214429512670988309e+00 1.697665452999443048e+01
4.112155251066204897e+01 4.780319265645981197e+00 4.020460881217492677e+00
2.971768893547782753e+01 2.665079309337074420e+01 2.364691911775367572e+01
2.870399356796875079e+00 2.906498296036717832e+01 1.320870961775606034e+00
1.849485436248553683e+01 2.688925703468592232e+01 3.164982974664363269e+01
7.667332392296628107e+00 4.068059912640255504e+01 8.778850697234393818e-01
4.153779701774666222e+01 1.679140581641902719e+00 3.287228109031229906e+01
1.232340293317519597e+00 1.101526608708878818e+01 4.039888820959593829e+01
6.098833193720014201e+00 4.001111240016635406e+01 3.111537052475286202e+01
1.416358553809748244e+01 2.763886590814666278e+01 1.980000113266017792e+01
7.991740862013112512e+00 1.370676751868305310e+01 1.829505034594572521e+01
1.350186158612263654e+01 9.221553215297298323e+00 2.596377534770171636e+01
2.125887590849193032e+01 3.082639980433366489e+01 2.985382283303289697e+01
4.145981550173194918e+00 2.377298400151182634e+01 5.434442214614931821e+00
2.426690801758718763e+01 2.268745641076097996e+01 2.194629218256187642e+01
2.048247293839211380e+01 4.208519308487201016e+01 9.789700068163188718e+00
1.103667999146747292e+01 3.137834473667583612e+00 1.981820841864566063e+01
3.426551082268895954e+01 1.499215098088760456e+01 2.127759315750004987e+01
1.700394967070181451e+01 3.888259289591654522e+01 1.930862753268397469e+01
1.655304895784574271e+01 2.877867788258368975e+01 1.280539492738321705e+01
3.038201279627972795e+01 1.341693086075600405e+01 6.118155603298945699e+00
2.273192024003922995e+01 3.601419930885332299e+00 2.653610234984534344e+01
4.146619585680396369e+01 2.556830714784962311e+01 2.011883858302891781e+01
2.362424075661794021e+01 1.053787926293415111e+01 1.822374893451680933e+01
2.140471571133185336e+01 1.861308683922426965e+01 7.151222860156051908e+00
4.164420026436494737e+01 2.612548707931614445e+01 2.914099660501503308e+01
1.933247194900625843e+01 3.780372432868681898e+01 3.824005664131866666e+01
4.165401502392177235e+01 1.553502330096117845e+01 4.080999483476603018e+01
3.162564037447870291e+01 2.068071335083886131e-01 2.410827904657353749e+00
2.572552856073098226e+01 3.990100220188143254e+01 2.426926997472354230e+01
3.060954746410338245e+01 1.900246781285948927e+01 3.418865891014944935e+01
1.481339634606402988e+01 1.061507930825320756e+01 8.188612807961406226e-01
2.195062296847809691e+01 1.599067700537719361e+01 2.948527084480372551e+01
3.741462758468243521e+01 3.365724352290594368e+01 4.743725531860809141e+00
3.096832982003782675e+01 9.076010573284087002e+00 2.763429257770520309e+01
2.663762602399849300e+01 2.106051927936262658e+01 1.483838806053933368e+01
2.059719748692179309e+01 3.028479826793197383e+00 1.155043298175490563e+00
9.408767164153118756e+00 2.494193921353665289e+01 3.964370645824256201e+01
1.657502283327327319e+01 1.689696400321621184e+01 2.496664705105576942e+01
2.666386939250282495e+01 4.096361177492582328e+01 1.877327066539983491e+01
3.062825211016996008e+01 1.963131917411699234e+01 4.007749505746190977e+01
2.252687755718813634e+01 4.528431330924405529e+00 3.516789029959006996e+01
2.813622757056178258e+01 3.947567912058172368e+01 2.641083620361450457e+01
8.248360768839692270e+00 3.483072697773626381e+00 1.566525239210154119e+01
2.006826967580304988e+00 2.355121200509551471e+01 3.432812809370815188e+01
2.722367375008821710e+01 4.056484324929034102e+01 2.013652004159109410e+01
2.986606733513020018e+01 3.264776675593265765e+01 1.594290321179182079e+01
3.305194594234616545e+01 6.260473759597280363e+00 1.618950236518490682e+00
3.550131747221488610e+01 6.863778486150319935e+00 1.607801091969200513e+01
1.306493142927841866e+01 2.005756563541300252e+01 3.456855686441128483e+01
2.980242236039172710e+01 4.153772147666055758e+01 4.064568137681493454e+01
1.047462983912669365e+01 1.218118468011814448e+00 6.656304754283592917e-01
1.053023397465977773e+01 2.541916425990602590e+01 1.939747529076060673e+01
2.333004253934210581e+01 9.054289659432887660e+00 9.651624303723083109e-01
2.579044454207325288e+01 2.211626685168452155e+01 2.191178132025645553e+01
2.769845131010453088e+01 1.944798480072890001e+01 3.863794669140854410e+01
1.825622015978128232e+01 1.717432537356774347e+01 3.874481249845536013e+01
3.190996767493561848e+01 1.875124726062069414e+01 3.328468969683832768e+01
3.899375447277563467e+01 1.352941302774606003e+00 3.154750545485136470e+01
1.452607601864956877e+01 6.417931250687256117e+00 3.330779351310835068e+01
1.486273841823308040e+01 4.061410977679033607e+01 3.008858363404183223e+00
1.602334968620637667e+01 2.549474871710813062e+01 3.167578635531915054e+01
2.351567842821160070e+01 2.658375656747852034e+01 5.413876026454757628e+00
2.207327123798196311e+01 2.070732970425662067e+00 3.821158486929945752e+01
2.758680573187931984e+01 4.168459222247108187e+01 3.028694363702183878e+01
1.935694294740997634e+01 3.192829987981725015e+00 1.719367302546489640e+01
2.193935126994311346e+01 3.502479613710279693e+01 8.762950143986126150e+00
3.191060473407770459e+01 2.821603888866410159e+01 4.114712449676796524e+01
2.604276077841674919e+01 1.049433308077084126e+00 1.225100706821558250e+00
5.287365316363918488e+00 1.230218625175821145e+00 3.306227210988858900e+01
2.090345600041394647e+01 1.745799348038772569e+00 3.195290617113608533e+01
1.304261554009151247e+01 1.074743797868530493e+01 1.090332993361153058e+01
2.676532314127781476e+01 3.848470096634839877e+01 2.880325703962335382e+01
3.613242846051649337e+01 3.129915023862765011e+01 1.320101585467096861e+01
1.414179142403216893e+01 1.723794135564202534e+01 3.855437691374314113e+01
2.317670214793172789e+01 5.635765508614746899e+00 2.277515799744752911e+01
2.648246378325821127e+01 1.758868382874329939e+01 3.385559233370587151e+01
3.789075444119579572e+01 2.928565458127331045e+00 2.561434320877202708e+01
3.635954128009099406e+01 2.258176335655379319e+01 2.167596521036264434e+01
8.267110025115783856e+00 2.429055002612869607e-01 2.568707548045036049e+01
2.070619728573829477e+01 2.064006379626936649e+01 6.108193156851335459e+00
3.663415969223993329e+01 1.338478855443743853e+01 3.539166231304263732e+01
3.114855950087673264e+01 1.044078125881832264e+01 2.880257119416766187e+01
1.766440439978834576e+01 1.185024619465909090e+01 2.834964996523521563e+01
1.170114209041240549e+01 2.519945128143955060e+01 1.659284984011975084e+01
1.808347603728012132e+01 4.014124011099050193e+01 7.539905158109854177e+00
2.088982159778096204e+01 3.405033207510904703e+01 2.867744738183997555e+01
2.630829623527159455e+01 3.407899863412288255e+01 3.878067052126936431e+01
1.588775334802181405e+01 9.008446345266131416e+00 2.877990520113898665e+00
1.214072205150162098e+01 2.041600452068971006e+00 1.716522886101927980e+01
3.388686611809720972e+01 3.600080677501768633e+01 2.133347081790982358e+01
1.891861031642773128e+01 4.049513233052967820e+01 1.019155403103450652e+01
2.451096005211500284e+01 2.140567156574755714e+01 2.655896582529520344e+01
1.801816960926521105e+01 1.996038665959593672e+01 3.461613811484579628e+01
3.919605383146757305e+01 2.794701708583534394e+00 3.506845865941558316e+01
1.949147068379723180e+01 3.048620935229647344e+01 4.954166014382013650e+00
1.179778162448824297e+01 1.543860532033301602e+01 1.283645671568601365e+01
2.211811411976290387e+01 1.880231080224893958e+01 3.432495980493185073e+01
3.003850696614821203e+01 1.031339904562912402e+01 2.824468679168526819e+01
2.402064167315299414e+01 1.624959046278773522e+00 6.477478590731919006e+00
7.173773742160849398e-01 1.455371974608826946e+00 2.740243517411072105e+01
1.170081058344537439e+01 4.015342113595152540e+01 8.234353777305438271e+00
3.972156263449772240e+01 5.035193958415858262e+00 1.006578515477273683e+01
3.050342069762352182e+01 2.583921898126874694e+01 3.336629209656778983e+01
2.312538009695009578e+01 3.617539719896321948e+00 4.194975222165707152e+01
3.404343697666926971e+01 1.725445156337596586e+01 5.114767862935588605e-01
1.245753660383772754e+01 2.401568369245379841e+01 2.355460202565429739e+01
3.529387171208119156e+01 2.043183233621841666e+01 3.485984628713811873e+01
6.281154797690370550e+00 5.042658071048673030e+00 1.534841700887753646e+01
2.726624364902583508e+01 2.805014166620675375e+00 3.912912963140887257e+01
3.594705329301079644e+01 1.278740277581057683e+01 2.728034145367067964e+01
2.924645808878863207e+01 2.503841676671970262e+01 8.890427580560197995e+00
3.285068418119948319e+00 1.414503439283318720e+01 2.858782413414567714e+01
3.569788305113315374e+01 1.473984641993495259e+01 2.068253201306543332e+01
3.678284811786076602e+01 4.218778012293287105e+01 1.243853097811898323e+01
1.468394343933276502e+01 9.642971397581066029e+00 9.687312844074929430e+00
1.677082348325918915e+01 2.641126025361960927e+01 4.213694177504495286e+01
1.185900754351435538e+01 2.836300799131917127e+00 2.116961509454189283e+01
2.278217738476488918e+01 2.784558555778825095e+01 9.626180608854442156e+00
1.450632197452897643e+01 1.528569302970599608e+01 1.690629177510933800e+01
1.004939462795678473e+01 1.677480956862877903e+01 4.246810200025472604e+00
2.457459099880246120e-02 2.515848547181039763e+01 3.060504692668186877e+01
3.590904070204950926e+01 1.336495582557742168e+01 2.867933724634130854e+01
3.356228403704685093e+01 2.280373544607896008e+01 1.856414041641970325e+00
2.202544548414001468e+01 3.663536656987816542e+01 3.728560621628557925e+01
1.013631629256411948e+01 2.879824348809919954e+01 2.648276697805717106e+01
2.146650594566812487e+01 4.452998791478268714e+00 3.085297380000530154e+01
1.820012205742187206e+01 8.890799662682928428e+00 2.374014202347231262e+01
2.495450453687703884e+01 1.207955515856032669e+01 1.375894171621893491e+01
2.640177821024302318e+01 2.193928536057550005e+01 4.178024412359056328e+01
1.206908681153886675e+01 7.174153063172850064e-01 1.966150136311672725e+01
3.827717864847623730e+01 2.105721965627685677e+01 9.742014111924335751e+00
4.133048179540381994e+01 3.895188794875338800e+01 1.999485060360355604e+01
1.271007793089138083e-01 1.666670882320851277e+01 2.057126085391320913e+01
1.313323371457445710e+01 4.311897598885407135e+00 4.150213766161260764e+01
2.822966320183008193e+01 1.314254041047538513e+00 4.181068188279618880e+01
9.184618165639641063e+00 2.035132729332422485e+01 2.560666899322247403e+01
6.063194421469334294e+00 3.113342244898240097e+01 2.452133220469022135e+01
2.202553499142133830e+01 3.638974722415837704e+01 9.945855633859546074e+00
1.445432394763314932e+01 4.121839401209374643e+01 3.080424187327898267e+01
1.543578929831119417e+01 4.059152717713993752e+01 1.517652730438483566e+01
1.563116813869478783e+01 4.085091736370864623e+01 3.138976946207111141e+01
3.266244330403868901e+01 1.919143097402545806e+01 1.079070741679611345e+01
2.370735763853559419e+01 2.735315023901733511e+01 1.253267646540069968e+01
1.910608573153839984e+01 3.242643700214473057e+01 7.608160880748394694e-01
3.875797372172738875e+01 8.521226326469641066e+00 8.792473254868616195e+00
1.758746716800309784e+01 8.059627867701570025e+00 2.474456361211673538e+01
2.417764904094540412e+01 8.498581836421159608e+00 3.916083765772330860e+00
1.856984481259748421e+01 4.227723178436301055e+01 3.140498103368535077e+00
7.891789707488091388e+00 3.242296769520559252e+01 8.034185621017250867e+00
1.301472687727010147e+01 3.690850532852269339e+01 1.236059790524447166e+01
3.914514167408434986e+01 2.132234730993386762e+01 1.934472309807196533e+00
1.678017035585981631e+01 1.218871088932167890e+00 2.700729307096663945e+01
3.207813857179164785e+01 2.102856764772898046e+01 2.553848685519507100e+01
2.293007841814052483e+01 1.416771774384439020e+01 2.343404173492664455e+01
2.997466582914325173e+01 6.101800779502615235e+00 2.230108415719989523e+01
3.250801884699119881e+01 1.491149012511855965e+01 1.505470129118588218e+01
9.321234507346116693e-01 2.393752788901741368e+01 3.111694989574458248e+01
1.758482508248691900e+01 2.645784671522184794e+01 1.957855345077500431e+01
3.224732049081872987e+01 2.281168975874186700e+01 3.141959251037098610e+01
2.465895590524649350e+01 9.389876974249506958e+00 2.087478872305710098e+01
8.544099267488861615e-01 3.167644440879779566e+01 3.877890431406855498e+01
4.126972052397280777e+01 2.198388679522870248e+01 2.630627723589336497e+01
1.198283149807987513e+01 1.241999546030024248e+01 1.580656425169900459e+00
