4.915278387762228363e+00 1.451314244406338538e+01 7.697986108042427666e+00
7.331598266265796360e-01 1.322052719626639039e+01 8.114841117102161050e+00
2.931248111389380462e+00 1.187106793283605910e+01 4.798231958320822166e+00
1.391195116938552176e-03 9.149890284104392535e+00 6.623479951744110750e+00
3.657451962431268022e+00 1.028510549952619257e+01 8.788179553700386393e+00
2.705874502445346774e+00 1.184880881096504446e+01 4.673024397796359253e+00
3.857784059270409127e+00 1.014320359759846646e+01 8.515505310780444148e+00
6.775120219490404772e-01 1.307306051387091017e+01 8.390297750255980347e+00
2.558407820049867887e+00 1.175698993324710528e+01 4.873356494635499914e+00
3.632410450326375440e+00 7.513844826584738179e+00 5.254543956676643646e+00
6.868330292325282471e+00 1.086106027793872464e+01 5.285150249249290333e+00
4.521384130050064565e-01 1.290055231937053826e+01 8.401427311191488556e+00
2.981331135599165627e+00 1.149544525126266947e+01 4.606247032183311774e+00
4.033074644004657650e+00 7.338554241850489213e+00 5.546694931233725256e+00
6.665215805252264758e+00 1.074419988811589022e+01 5.460440833983539299e+00
4.333572789263369529e+00 1.014320359759846646e+01 8.621236139667768583e+00
6.787640975542850619e+00 1.111982256968928162e+01 4.984652103990578453e+00
4.583987910312296243e+00 1.026841115812293026e+01 8.740878919724478280e+00
2.864470745776333427e+00 1.149544525126266947e+01 4.322443228327861320e+00
4.583987910312296243e+00 1.470354119092280953e+01 6.787640975542850619e+00
6.812682487647743201e+00 1.081932442443056885e+01 4.759278495046545210e+00
4.862226933699992593e+00 1.019328662180825162e+01 8.596194627562876889e+00
4.411479715811924329e+00 1.487048460495542734e+01 6.537225854493924793e+00
4.183323716634013145e+00 6.968496340744853690e+00 5.886146539766714092e+00
4.133240692424227980e+00 9.709150721113660509e+00 1.016963630482029979e+00
4.389220593940908799e+00 1.277256236861219740e+01 1.135910812980270101e+01
1.725499303538798301e+01 9.372481502814549614e+00 6.754252292736327767e+00
3.048108501212213106e+00 5.070906201240764410e+00 9.572813599653688499e+00
4.508863373997618496e+00 9.492124282871257535e+00 1.322609197673414272e+01
7.166046047350118187e+00 6.740340341566943394e+00 8.440380774465765512e+00
1.300350075802398564e+01 1.130624271535903880e+01 6.912848536067314420e+00
8.490463798675550677e+00 1.217156607809477364e+01 9.901135647251170013e+00
1.303410705059663321e+01 1.124503013021374365e+01 7.474891363310461223e+00
4.784320007151437792e+00 9.514383404742273953e+00 1.338747061029900642e+01
1.284073092934218119e+00 1.142032071494799261e+01 1.260561895457957959e+01
1.303688944083051027e+01 1.116712320366518973e+01 6.962931560277099585e+00
2.285733577129925642e+00 4.639635714989835513e+00 8.215007165521731380e+00
1.293394100217706288e+01 1.127007164231863712e+01 7.747565606230403468e+00
1.014181240248152926e+00 1.084714832676933938e+01 1.308140768457254133e+01
1.298958880685460215e+01 1.106695715524561940e+01 6.971278730978730742e+00
7.875555556988744321e+00 6.556702586131063271e+00 8.134317848739300416e+00
1.366849202392058160e+01 1.033797091396985479e+01 7.552798289859015135e+00
1.242337239426063888e+00 5.396445858604369761e+00 7.650181948044710190e+00
1.294228817287869404e+01 1.127563642278639122e+01 7.739218435528772311e+00
7.188305169221133717e+00 1.693780054872600616e+01 8.112058726868285774e+00
1.315374983065334291e+01 1.084436593653546232e+01 7.942332922601790912e+00
6.562267366598817375e+00 1.024336964601803679e+01 1.394116626684052207e+01
2.796302185046347644e-01 5.276803078547659176e+00 8.540546822885335843e+00
1.295341773381420047e+01 1.073585271741426084e+01 7.558363070326769240e+00
6.667998195486141810e+00 1.683763450030643938e+01 7.561145460560646292e+00
6.412018293969460991e+00 1.096957349705992435e+01 1.310088441620968069e+01
7.063097608696669916e+00 1.696284206083090140e+01 7.778171898803049267e+00
1.225642898022802019e+00 4.909527567675901594e+00 8.540546822885335843e+00
1.318157373299211166e+01 1.040474827958290227e+01 7.313512729745596630e+00
8.295696482304164121e+00 5.591213174975757205e+00 8.373603408852719809e+00
1.384934738912258112e+01 1.092783764355177034e+01 8.220571945989485485e+00
1.318435612322598871e+01 1.100296217986644898e+01 8.103711556166654617e+00
7.088139120801562498e+00 1.699066596316967193e+01 7.625140435939817607e+00
1.698231879246803899e+01 9.917829988654432327e+00 1.649540050153957083e+01
1.320661524509700513e+01 1.110034583805214226e+01 6.537225854493924793e+00
1.547148089547285110e+01 7.888076313041190168e-01 7.188305169221133717e+00
6.662433415018387706e+00 1.717708610883942910e+01 8.089799604997269356e+00
1.606691240552252253e+01 1.462146067902344138e+00 6.999102633317500377e+00
7.168828437583995239e+00 1.706300810925047173e+01 6.826594438817127575e+00
1.512646450647210905e+01 7.387246070943336296e-01 7.313512729745596630e+00
1.396342538871153671e+01 1.066907535180121336e+01 8.192748043650716738e+00
6.487142830284139627e+00 1.708804962135536343e+01 6.353588099058044669e+00
1.501238650688315346e+01 1.403715872990927815e+00 6.314634635783767713e+00
1.187941510353769026e+01 1.369909831649322740e+01 1.818152898326901479e+01
8.816003456039156916e+00 4.867791714167746697e+00 1.122694459369354414e+00
1.577754382119931620e+01 9.028856308930743868e-01 1.498456260454438294e+01
1.399959646175193839e+01 2.013059334209982509e+00 1.746645469316263188e+01
1.382430587701768943e+01 1.442669336265205215e+00 1.674303323235462315e+01
1.367405680438833393e+01 1.103217727732215714e+00 1.763896288766300557e+01
1.417488704648618558e+01 1.406498263224804868e+00 1.709083201158924226e+01
1.337355865912962116e+01 1.904546115088781022e+00 1.637019294101510880e+01
1.412480402227640042e+01 5.147421932672388567e-02 1.678755147609665244e+01
1.350989578058959140e+01 2.015841724443859562e+00 1.754157922947731052e+01
1.369075114579159624e+01 1.576224067491299508e+00 1.761670376579198916e+01
1.314818505018558881e+01 1.590136018660684325e+00 1.730507605959776996e+01
