# data as obtaioned from Fig.2 in https://aip.scitation.org/doi/pdf/10.1063/1.1696484 for xenon at 183K
3.6963108690111897 0.5956385344683754
3.891036700628698 1.2081138513383438
4.085476510460881 1.7344966108251918
4.293557359285533 2.366832107045487
4.499471043044446 2.346850918478291
4.697585132734277 1.9791919151175352
4.8955892140451365 1.578420389686348
5.10030380647326 1.1975127105514543
5.291861396776389 0.8563473917930087
5.497456056236283 0.7403398892215627
5.696681230553727 0.7071173587721598
5.902693921853714 0.7169374400683526
6.101930097009056 0.6870261618259925
6.294565769426105 0.6703635593577717
6.507244968491767 0.6868024781220838
6.700089656828862 0.7330536675876815
6.899677858796911 0.8091024599707013
7.1059985735580184 0.9116376030641002
7.299074279490956 1.027425088877603
7.4986404797832105 1.096851376846537
7.704620168569505 1.0967377015215996
7.89735484852763 1.1098763689167663
8.096723033737737 1.1197001171589243
8.296113220623637 1.136146369815168
8.49542640164426 1.1294138570221102
8.714629097582932 1.109425334562983
8.907286771675777 1.099385236508848
9.09979043403806 1.0429876075561095
9.292250093048754 0.9733449697751988
9.498020765915003 0.9103175025164418
9.69727894274614 0.8870287286881688
9.896537119577275 0.8637399548598959
10.102571812553057 0.8801825405701735
10.301984001114752 0.9032512976405038
10.501429192190137 0.9362538113319636
10.707562892706994 0.9824976669056298

